3 2
3 3
3 4
3 8
3 10
3 14
3 17
3 18
3 22
3 23
3 26
3 29
3 30
3 31
3 33
3 34
3 39
3 40
3 41
3 43
3 44
3 47
3 50
3 54
3 55
3 56
3 59
3 61
3 62
3 66
3 76
3 79
3 82
3 83
3 84
3 85
3 86
3 89
3 95
3 96
3 100
3 103
3 104
3 110
3 112
3 116
3 121
3 125
3 136
3 142
3 144
3 145
3 148
3 155
3 156
3 158
3 162
3 163
3 164
3 167
3 168
3 170
3 173
3 174
3 181
3 183
3 190
3 191
3 192
3 194
3 195
3 196
3 197
3 201
3 202
3 205
3 216
3 219
3 221
3 223
3 224
3 225
3 228
3 233
3 234
3 236
3 248
3 250
3 251
3 255
4 0
4 5
4 6
4 9
4 12
4 14
4 17
4 18
4 19
4 20
4 23
4 26
4 29
4 30
4 31
4 33
4 37
4 40
4 41
4 42
4 43
4 46
4 49
4 53
4 57
4 59
4 68
4 72
4 81
4 87
4 90
4 91
4 92
4 95
4 96
4 99
4 101
4 102
4 104
4 107
4 109
4 110
4 111
4 112
4 114
4 115
4 131
4 132
4 133
4 136
4 139
4 142
4 146
4 147
4 149
4 151
4 156
4 158
4 164
4 167
4 168
4 172
4 173
4 179
4 181
4 188
4 190
4 195
4 197
4 199
4 201
4 202
4 205
4 211
4 215
4 220
4 221
4 222
4 226
4 228
4 230
4 231
4 232
4 239
4 246
4 247
4 249
4 250
4 251
4 253
5 0
5 3
5 8
5 9
5 14
5 16
5 17
5 21
5 22
5 25
5 26
5 29
5 33
5 35
5 40
5 42
5 45
5 46
5 50
5 54
5 61
5 65
5 66
5 69
5 74
5 78
5 82
5 94
5 98
5 99
5 100
5 102
5 107
5 108
5 111
5 114
5 115
5 116
5 117
5 121
5 125
5 128
5 138
5 140
5 141
5 144
5 146
5 149
5 150
5 152
5 154
5 155
5 156
5 157
5 159
5 161
5 162
5 165
5 175
5 179
5 181
5 182
5 186
5 187
5 188
5 189
5 190
5 191
5 192
5 195
5 196
5 200
5 216
5 217
5 218
5 219
5 223
5 224
5 225
5 226
5 228
5 242
5 245
5 246
5 247
5 248
5 250
5 252
5 253
5 255
6 2
6 7
6 8
6 15
6 18
6 19
6 22
6 23
6 24
6 25
6 26
6 27
6 28
6 33
6 34
6 37
6 41
6 44
6 48
6 49
6 50
6 53
6 60
6 62
6 63
6 65
6 66
6 72
6 77
6 81
6 84
6 86
6 87
6 91
6 93
6 95
6 96
6 98
6 99
6 100
6 101
6 103
6 110
6 113
6 115
6 122
6 125
6 133
6 135
6 144
6 148
6 149
6 150
6 151
6 153
6 154
6 155
6 158
6 159
6 161
6 163
6 164
6 166
6 167
6 173
6 175
6 176
6 180
6 185
6 191
6 196
6 197
6 198
6 203
6 206
6 208
6 225
6 233
6 234
6 238
6 239
6 240
6 241
6 242
6 243
6 245
6 247
6 251
6 252
6 254
7 3
7 4
7 6
7 15
7 20
7 23
7 25
7 27
7 28
7 31
7 32
7 34
7 35
7 37
7 40
7 42
7 51
7 52
7 58
7 61
7 67
7 69
7 91
7 92
7 94
7 99
7 100
7 103
7 106
7 107
7 108
7 109
7 113
7 114
7 116
7 117
7 118
7 124
7 126
7 127
7 128
7 129
7 131
7 139
7 140
7 144
7 146
7 151
7 152
7 156
7 158
7 159
7 160
7 161
7 163
7 164
7 165
7 167
7 168
7 170
7 176
7 182
7 183
7 185
7 186
7 189
7 191
7 194
7 195
7 201
7 204
7 205
7 208
7 211
7 212
7 218
7 221
7 222
7 225
7 226
7 228
7 229
7 231
7 232
7 234
7 236
7 240
7 243
7 245
7 255
8 1
8 5
8 9
8 11
8 14
8 15
8 17
8 18
8 20
8 22
8 24
8 26
8 27
8 29
8 30
8 32
8 35
8 40
8 41
8 42
8 44
8 48
8 49
8 54
8 56
8 67
8 68
8 69
8 70
8 75
8 84
8 85
8 86
8 88
8 92
8 94
8 96
8 103
8 104
8 106
8 112
8 113
8 117
8 118
8 119
8 121
8 122
8 126
8 127
8 136
8 137
8 138
8 139
8 142
8 145
8 149
8 150
8 151
8 154
8 156
8 159
8 160
8 166
8 168
8 173
8 174
8 181
8 184
8 188
8 193
8 205
8 208
8 215
8 216
8 218
8 219
8 221
8 223
8 224
8 226
8 227
8 230
8 237
8 239
8 241
8 245
8 247
8 248
8 249
8 252
9 1
9 2
9 4
9 6
9 8
9 9
9 12
9 14
9 15
9 19
9 24
9 30
9 33
9 38
9 49
9 50
9 52
9 53
9 58
9 61
9 64
9 72
9 74
9 78
9 83
9 87
9 90
9 92
9 94
9 96
9 98
9 100
9 103
9 104
9 107
9 108
9 113
9 115
9 116
9 119
9 127
9 132
9 134
9 136
9 139
9 149
9 150
9 154
9 156
9 158
9 159
9 162
9 163
9 164
9 166
9 171
9 174
9 175
9 182
9 187
9 188
9 190
9 192
9 193
9 196
9 198
9 199
9 200
9 205
9 208
9 210
9 211
9 214
9 217
9 222
9 223
9 224
9 226
9 237
9 238
9 239
9 240
9 241
9 244
9 247
9 248
9 251
9 252
9 253
9 255
10 2
10 7
10 9
10 12
10 17
10 19
10 25
10 29
10 33
10 35
10 37
10 41
10 43
10 44
10 46
10 48
10 51
10 52
10 56
10 57
10 59
10 60
10 61
10 62
10 63
10 72
10 75
10 76
10 80
10 81
10 82
10 91
10 92
10 97
10 98
10 101
10 103
10 104
10 105
10 107
10 108
10 111
10 117
10 119
10 120
10 121
10 124
10 126
10 131
10 132
10 133
10 134
10 135
10 137
10 138
10 139
10 142
10 146
10 147
10 152
10 157
10 159
10 160
10 163
10 164
10 169
10 171
10 173
10 176
10 177
10 179
10 185
10 187
10 194
10 199
10 202
10 207
10 208
10 212
10 217
10 218
10 226
10 228
10 230
10 231
10 238
10 239
10 246
10 248
10 249
11 2
11 9
11 14
11 17
11 18
11 19
11 25
11 28
11 29
11 31
11 33
11 35
11 37
11 43
11 45
11 46
11 49
11 50
11 57
11 59
11 60
11 61
11 64
11 65
11 71
11 72
11 73
11 74
11 75
11 76
11 77
11 79
11 81
11 82
11 87
11 90
11 91
11 92
11 96
11 99
11 102
11 104
11 106
11 110
11 113
11 115
11 129
11 141
11 144
11 148
11 150
11 151
11 153
11 154
11 155
11 157
11 164
11 165
11 166
11 167
11 168
11 170
11 174
11 181
11 182
11 183
11 185
11 187
11 190
11 193
11 195
11 205
11 206
11 209
11 213
11 216
11 219
11 220
11 223
11 224
11 225
11 226
11 228
11 241
11 244
11 248
11 249
11 252
11 253
11 254
12 1
12 4
12 9
12 13
12 14
12 16
12 18
12 19
12 21
12 26
12 27
12 29
12 37
12 41
12 42
12 50
12 51
12 55
12 60
12 64
12 65
12 66
12 69
12 71
12 72
12 73
12 78
12 81
12 84
12 90
12 95
12 97
12 98
12 101
12 103
12 106
12 113
12 114
12 118
12 120
12 121
12 123
12 127
12 128
12 130
12 131
12 132
12 141
12 145
12 150
12 155
12 160
12 170
12 171
12 174
12 178
12 179
12 180
12 182
12 183
12 187
12 191
12 197
12 199
12 201
12 203
12 207
12 208
12 209
12 212
12 213
12 214
12 215
12 218
12 219
12 220
12 222
12 223
12 224
12 225
12 226
12 229
12 234
12 235
12 240
12 241
12 246
12 248
12 253
12 254
13 0
13 1
13 5
13 7
13 8
13 17
13 21
13 23
13 25
13 26
13 27
13 28
13 31
13 33
13 36
13 37
13 42
13 45
13 49
13 52
13 56
13 57
13 58
13 65
13 66
13 68
13 70
13 73
13 78
13 80
13 84
13 88
13 90
13 93
13 97
13 99
13 104
13 106
13 111
13 112
13 113
13 114
13 122
13 124
13 128
13 129
13 132
13 133
13 134
13 135
13 137
13 140
13 145
13 147
13 149
13 151
13 154
13 155
13 161
13 162
13 163
13 168
13 171
13 178
13 184
13 186
13 188
13 189
13 191
13 195
13 196
13 203
13 204
13 209
13 213
13 216
13 218
13 220
13 221
13 226
13 227
13 229
13 231
13 232
13 234
13 237
13 242
13 243
13 251
13 253
14 10
14 22
14 23
14 24
14 26
14 27
14 28
14 30
14 32
14 34
14 37
14 40
14 41
14 44
14 48
14 50
14 51
14 63
14 65
14 68
14 71
14 80
14 81
14 82
14 84
14 85
14 88
14 90
14 92
14 94
14 96
14 103
14 105
14 109
14 112
14 115
14 116
14 117
14 118
14 122
14 123
14 127
14 132
14 134
14 135
14 136
14 137
14 140
14 142
14 143
14 145
14 148
14 150
14 151
14 152
14 154
14 155
14 156
14 157
14 159
14 160
14 163
14 165
14 170
14 174
14 176
14 185
14 186
14 192
14 193
14 195
14 202
14 203
14 207
14 209
14 210
14 212
14 213
14 217
14 218
14 219
14 221
14 222
14 224
14 232
14 237
14 238
14 252
14 253
14 254
15 0
15 3
15 4
15 10
15 13
15 16
15 21
15 23
15 28
15 30
15 33
15 35
15 37
15 41
15 44
15 47
15 50
15 53
15 58
15 67
15 68
15 70
15 77
15 78
15 79
15 81
15 84
15 85
15 94
15 95
15 97
15 100
15 103
15 113
15 117
15 120
15 122
15 123
15 124
15 125
15 127
15 130
15 131
15 132
15 137
15 138
15 139
15 141
15 142
15 143
15 144
15 146
15 149
15 155
15 160
15 164
15 166
15 168
15 170
15 171
15 175
15 177
15 181
15 182
15 183
15 184
15 185
15 189
15 190
15 191
15 195
15 196
15 202
15 203
15 206
15 207
15 208
15 211
15 212
15 215
15 216
15 219
15 227
15 230
15 231
15 241
15 243
15 244
15 248
15 252
16 0
16 1
16 2
16 4
16 5
16 7
16 13
16 14
16 16
16 21
16 22
16 26
16 29
16 30
16 32
16 39
16 44
16 45
16 47
16 48
16 51
16 52
16 53
16 59
16 60
16 64
16 67
16 69
16 70
16 73
16 75
16 80
16 86
16 87
16 88
16 90
16 91
16 92
16 93
16 98
16 100
16 101
16 105
16 106
16 107
16 108
16 113
16 114
16 118
16 121
16 125
16 126
16 128
16 129
16 131
16 132
16 134
16 136
16 138
16 140
16 143
16 146
16 148
16 152
16 154
16 162
16 164
16 165
16 169
16 174
16 194
16 198
16 199
16 201
16 204
16 206
16 207
16 211
16 212
16 213
16 217
16 222
16 231
16 232
16 236
16 237
16 239
16 241
16 242
16 248
17 0
17 7
17 9
17 10
17 12
17 15
17 16
17 19
17 20
17 24
17 25
17 30
17 31
17 37
17 38
17 39
17 40
17 45
17 46
17 48
17 49
17 50
17 52
17 56
17 58
17 59
17 62
17 64
17 67
17 70
17 74
17 78
17 84
17 86
17 89
17 91
17 94
17 96
17 97
17 100
17 102
17 107
17 109
17 111
17 112
17 113
17 118
17 119
17 120
17 121
17 123
17 124
17 132
17 133
17 134
17 135
17 136
17 139
17 142
17 149
17 154
17 157
17 159
17 161
17 162
17 165
17 168
17 170
17 174
17 175
17 181
17 183
17 184
17 191
17 192
17 197
17 199
17 205
17 206
17 211
17 221
17 227
17 229
17 230
17 232
17 233
17 248
17 250
17 253
17 254
18 0
18 3
18 4
18 10
18 16
18 17
18 22
18 23
18 24
18 27
18 35
18 40
18 41
18 42
18 44
18 49
18 50
18 55
18 60
18 61
18 62
18 65
18 75
18 78
18 81
18 82
18 87
18 88
18 93
18 98
18 102
18 103
18 104
18 107
18 110
18 115
18 120
18 122
18 123
18 125
18 126
18 128
18 131
18 134
18 135
18 136
18 137
18 138
18 142
18 143
18 144
18 146
18 147
18 154
18 155
18 159
18 165
18 172
18 176
18 178
18 182
18 189
18 194
18 195
18 196
18 198
18 200
18 202
18 203
18 204
18 208
18 212
18 215
18 217
18 220
18 223
18 224
18 228
18 229
18 231
18 233
18 234
18 237
18 239
18 241
18 242
18 244
18 245
18 246
18 250
19 0
19 3
19 5
19 9
19 13
19 15
19 16
19 18
19 21
19 22
19 24
19 25
19 26
19 30
19 34
19 56
19 57
19 71
19 76
19 77
19 78
19 79
19 83
19 86
19 88
19 93
19 95
19 97
19 98
19 102
19 103
19 104
19 107
19 108
19 109
19 118
19 123
19 125
19 129
19 130
19 132
19 135
19 139
19 143
19 145
19 146
19 151
19 154
19 156
19 157
19 159
19 161
19 162
19 169
19 174
19 175
19 178
19 184
19 188
19 189
19 191
19 193
19 194
19 195
19 197
19 198
19 199
19 203
19 206
19 207
19 209
19 211
19 212
19 216
19 220
19 223
19 225
19 227
19 228
19 230
19 232
19 236
19 237
19 238
19 240
19 241
19 244
19 248
19 251
19 253
20 0
20 2
20 4
20 5
20 6
20 8
20 9
20 11
20 13
20 18
20 19
20 21
20 22
20 25
20 27
20 38
20 41
20 43
20 52
20 54
20 55
20 56
20 62
20 63
20 64
20 69
20 75
20 76
20 80
20 84
20 85
20 88
20 89
20 90
20 92
20 96
20 98
20 102
20 105
20 113
20 115
20 118
20 119
20 120
20 121
20 122
20 123
20 126
20 128
20 134
20 135
20 139
20 142
20 143
20 144
20 150
20 151
20 160
20 161
20 163
20 164
20 169
20 173
20 179
20 183
20 185
20 186
20 192
20 194
20 195
20 196
20 198
20 204
20 206
20 207
20 212
20 213
20 214
20 221
20 222
20 224
20 226
20 232
20 235
20 238
20 239
20 247
20 248
20 251
20 255
21 0
21 3
21 4
21 10
21 12
21 17
21 22
21 27
21 28
21 30
21 31
21 32
21 39
21 50
21 51
21 52
21 53
21 57
21 58
21 59
21 60
21 62
21 67
21 72
21 73
21 74
21 75
21 79
21 87
21 90
21 91
21 92
21 95
21 97
21 103
21 104
21 111
21 115
21 116
21 117
21 119
21 121
21 132
21 134
21 138
21 144
21 148
21 149
21 151
21 153
21 155
21 156
21 159
21 162
21 164
21 165
21 166
21 169
21 170
21 171
21 174
21 176
21 178
21 179
21 181
21 187
21 190
21 191
21 194
21 196
21 198
21 206
21 208
21 209
21 216
21 218
21 220
21 223
21 224
21 225
21 228
21 232
21 233
21 234
21 235
21 242
21 249
21 252
21 253
21 255
22 2
22 4
22 7
22 8
22 12
22 13
22 17
22 18
22 20
22 23
22 26
22 27
22 29
22 30
22 32
22 34
22 38
22 42
22 43
22 45
22 47
22 49
22 53
22 58
22 60
22 62
22 69
22 71
22 76
22 77
22 82
22 83
22 84
22 85
22 88
22 92
22 97
22 101
22 105
22 109
22 114
22 115
22 116
22 117
22 121
22 122
22 123
22 124
22 127
22 129
22 130
22 133
22 134
22 140
22 144
22 145
22 158
22 167
22 168
22 169
22 170
22 171
22 176
22 184
22 185
22 186
22 190
22 195
22 196
22 199
22 204
22 206
22 209
22 214
22 215
22 216
22 217
22 218
22 219
22 224
22 226
22 230
22 234
22 237
22 242
22 243
22 244
22 245
22 247
22 250
23 4
23 7
23 9
23 12
23 14
23 20
23 22
23 26
23 32
23 34
23 35
23 37
23 40
23 45
23 46
23 47
23 52
23 53
23 59
23 66
23 75
23 77
23 78
23 79
23 83
23 85
23 86
23 87
23 90
23 91
23 100
23 102
23 103
23 105
23 106
23 108
23 110
23 112
23 113
23 115
23 116
23 117
23 120
23 123
23 126
23 127
23 132
23 134
23 137
23 138
23 139
23 140
23 146
23 149
23 150
23 154
23 158
23 166
23 169
23 171
23 172
23 173
23 174
23 178
23 185
23 188
23 189
23 194
23 196
23 200
23 201
23 202
23 203
23 205
23 206
23 210
23 215
23 222
23 224
23 225
23 226
23 229
23 232
23 234
23 237
23 238
23 242
23 244
23 250
23 254
24 10
24 13
24 14
24 17
24 18
24 21
24 23
24 25
24 26
24 31
24 32
24 36
24 39
24 43
24 44
24 47
24 49
24 50
24 52
24 53
24 55
24 74
24 80
24 82
24 85
24 88
24 89
24 93
24 94
24 95
24 97
24 100
24 108
24 109
24 110
24 119
24 120
24 122
24 125
24 126
24 127
24 131
24 132
24 135
24 136
24 137
24 138
24 144
24 145
24 149
24 150
24 162
24 163
24 165
24 168
24 169
24 170
24 174
24 176
24 177
24 178
24 180
24 181
24 182
24 185
24 187
24 192
24 199
24 200
24 201
24 203
24 204
24 205
24 206
24 210
24 212
24 213
24 215
24 219
24 226
24 229
24 232
24 234
24 235
24 240
24 241
24 250
24 252
24 253
24 254
25 2
25 3
25 5
25 7
25 12
25 16
25 17
25 21
25 23
25 25
25 27
25 28
25 29
25 30
25 31
25 32
25 35
25 38
25 42
25 45
25 47
25 48
25 49
25 50
25 56
25 59
25 60
25 77
25 87
25 97
25 98
25 103
25 107
25 109
25 116
25 119
25 121
25 123
25 125
25 132
25 133
25 136
25 137
25 138
25 145
25 147
25 150
25 155
25 158
25 160
25 161
25 163
25 164
25 170
25 171
25 173
25 179
25 181
25 183
25 187
25 188
25 191
25 194
25 195
25 196
25 198
25 201
25 202
25 204
25 213
25 217
25 219
25 223
25 224
25 225
25 227
25 228
25 229
25 231
25 238
25 239
25 240
25 241
25 245
25 246
25 248
25 249
25 250
25 252
25 255
26 2
26 3
26 7
26 9
26 14
26 16
26 21
26 22
26 25
26 27
26 28
26 30
26 33
26 34
26 36
26 40
26 41
26 42
26 43
26 46
26 51
26 55
26 57
26 59
26 61
26 74
26 75
26 81
26 82
26 83
26 84
26 88
26 94
26 101
26 104
26 105
26 106
26 107
26 108
26 109
26 111
26 112
26 114
26 115
26 117
26 124
26 125
26 127
26 133
26 134
26 137
26 138
26 140
26 144
26 146
26 147
26 151
26 154
26 155
26 157
26 161
26 165
26 176
26 178
26 180
26 181
26 182
26 183
26 185
26 194
26 196
26 199
26 200
26 204
26 207
26 208
26 211
26 212
26 214
26 217
26 220
26 224
26 231
26 234
26 241
26 244
26 245
26 246
26 248
26 252
27 5
27 10
27 11
27 13
27 14
27 17
27 19
27 23
27 30
27 32
27 33
27 35
27 37
27 38
27 43
27 44
27 45
27 46
27 48
27 53
27 55
27 59
27 66
27 70
27 71
27 74
27 77
27 78
27 83
27 86
27 90
27 91
27 97
27 104
27 112
27 115
27 120
27 123
27 124
27 125
27 127
27 134
27 136
27 138
27 146
27 147
27 155
27 157
27 159
27 161
27 163
27 164
27 169
27 171
27 172
27 173
27 177
27 178
27 179
27 180
27 183
27 186
27 187
27 195
27 200
27 202
27 204
27 207
27 208
27 210
27 211
27 212
27 213
27 215
27 216
27 217
27 220
27 223
27 226
27 233
27 236
27 237
27 238
27 239
27 241
27 243
27 248
27 250
27 251
27 255
28 0
28 2
28 3
28 13
28 15
28 23
28 30
28 31
28 33
28 39
28 44
28 47
28 49
28 54
28 60
28 63
28 67
28 69
28 70
28 73
28 74
28 75
28 76
28 79
28 81
28 82
28 83
28 84
28 89
28 97
28 98
28 100
28 105
28 108
28 113
28 116
28 117
28 120
28 122
28 123
28 124
28 125
28 128
28 129
28 134
28 139
28 140
28 141
28 142
28 143
28 144
28 145
28 146
28 147
28 148
28 150
28 153
28 154
28 155
28 159
28 161
28 164
28 167
28 168
28 172
28 173
28 183
28 184
28 185
28 187
28 192
28 193
28 195
28 203
28 205
28 206
28 208
28 209
28 210
28 215
28 216
28 221
28 222
28 223
28 228
28 233
28 236
28 238
28 245
28 254
29 4
29 15
29 17
29 21
29 22
29 27
29 33
29 35
29 37
29 38
29 39
29 40
29 42
29 43
29 45
29 46
29 53
29 54
29 57
29 59
29 62
29 64
29 65
29 67
29 69
29 70
29 71
29 72
29 74
29 82
29 83
29 86
29 89
29 90
29 92
29 94
29 99
29 101
29 102
29 105
29 108
29 109
29 110
29 113
29 115
29 116
29 118
29 120
29 122
29 124
29 125
29 126
29 132
29 133
29 135
29 137
29 144
29 149
29 151
29 152
29 155
29 163
29 167
29 168
29 179
29 182
29 183
29 186
29 187
29 194
29 195
29 196
29 198
29 209
29 210
29 217
29 218
29 219
29 223
29 225
29 229
29 233
29 235
29 239
29 240
29 246
29 247
29 248
29 254
29 255
30 1
30 8
30 10
30 11
30 15
30 18
30 21
30 29
30 33
30 34
30 35
30 36
30 41
30 42
30 44
30 47
30 50
30 62
30 65
30 68
30 69
30 70
30 71
30 74
30 77
30 81
30 85
30 86
30 95
30 98
30 99
30 101
30 102
30 106
30 108
30 110
30 112
30 114
30 122
30 127
30 130
30 134
30 136
30 139
30 144
30 148
30 150
30 155
30 156
30 157
30 158
30 159
30 162
30 165
30 168
30 170
30 173
30 175
30 176
30 177
30 182
30 184
30 185
30 186
30 187
30 188
30 194
30 195
30 196
30 198
30 199
30 204
30 209
30 215
30 217
30 219
30 222
30 223
30 225
30 228
30 230
30 231
30 232
30 238
30 239
30 240
30 241
30 243
30 252
30 254
31 1
31 2
31 3
31 5
31 6
31 8
31 10
31 12
31 15
31 23
31 26
31 29
31 31
31 35
31 37
31 38
31 40
31 42
31 48
31 52
31 55
31 56
31 63
31 65
31 67
31 71
31 72
31 73
31 76
31 80
31 81
31 84
31 94
31 95
31 99
31 103
31 108
31 112
31 116
31 117
31 119
31 123
31 130
31 131
31 132
31 133
31 137
31 144
31 146
31 149
31 150
31 154
31 155
31 161
31 166
31 167
31 169
31 172
31 176
31 178
31 180
31 186
31 187
31 190
31 193
31 195
31 199
31 200
31 201
31 204
31 205
31 206
31 208
31 209
31 214
31 217
31 219
31 224
31 225
31 226
31 228
31 235
31 236
31 239
31 242
31 245
31 246
31 251
31 252
31 253
32 0
32 1
32 2
32 5
32 13
32 14
32 16
32 18
32 21
32 22
32 24
32 25
32 34
32 36
32 38
32 42
32 43
32 45
32 48
32 54
32 59
32 60
32 67
32 69
32 72
32 73
32 79
32 80
32 84
32 85
32 86
32 90
32 91
32 96
32 97
32 101
32 103
32 108
32 109
32 110
32 121
32 123
32 124
32 129
32 132
32 133
32 135
32 137
32 138
32 139
32 146
32 148
32 149
32 153
32 156
32 162
32 163
32 166
32 168
32 171
32 172
32 176
32 179
32 186
32 187
32 192
32 197
32 200
32 201
32 202
32 206
32 207
32 209
32 210
32 211
32 217
32 218
32 225
32 228
32 231
32 233
32 238
32 239
32 240
32 241
32 246
32 247
32 250
32 252
32 254
33 6
33 7
33 9
33 17
33 18
33 23
33 27
33 28
33 29
33 31
33 34
33 37
33 38
33 40
33 43
33 44
33 45
33 46
33 48
33 52
33 54
33 56
33 64
33 69
33 70
33 76
33 77
33 78
33 83
33 90
33 93
33 96
33 97
33 99
33 100
33 101
33 102
33 103
33 105
33 108
33 109
33 112
33 118
33 122
33 125
33 126
33 128
33 131
33 132
33 133
33 134
33 135
33 136
33 137
33 140
33 145
33 147
33 160
33 163
33 167
33 169
33 177
33 178
33 179
33 180
33 183
33 185
33 187
33 188
33 191
33 196
33 197
33 204
33 205
33 206
33 209
33 217
33 218
33 227
33 228
33 229
33 233
33 236
33 240
33 243
33 245
33 248
33 250
33 251
33 255
34 0
34 4
34 6
34 7
34 8
34 12
34 13
34 14
34 20
34 22
34 23
34 29
34 32
34 34
34 35
34 37
34 41
34 45
34 46
34 50
34 52
34 53
34 54
34 55
34 59
34 62
34 68
34 69
34 70
34 71
34 72
34 79
34 82
34 89
34 91
34 95
34 101
34 103
34 105
34 107
34 113
34 114
34 115
34 117
34 118
34 123
34 125
34 134
34 135
34 138
34 139
34 144
34 146
34 147
34 150
34 151
34 156
34 157
34 159
34 165
34 166
34 168
34 170
34 171
34 174
34 176
34 178
34 182
34 184
34 189
34 192
34 199
34 205
34 208
34 210
34 211
34 212
34 216
34 217
34 218
34 220
34 221
34 223
34 229
34 232
34 239
34 242
34 252
34 254
34 255
35 2
35 3
35 6
35 9
35 10
35 11
35 13
35 14
35 15
35 19
35 21
35 23
35 26
35 29
35 33
35 35
35 44
35 46
35 48
35 50
35 52
35 53
35 58
35 70
35 71
35 83
35 85
35 86
35 90
35 94
35 101
35 106
35 108
35 110
35 112
35 113
35 117
35 119
35 124
35 127
35 128
35 129
35 134
35 137
35 139
35 140
35 142
35 143
35 145
35 148
35 149
35 150
35 151
35 154
35 156
35 158
35 160
35 164
35 165
35 169
35 173
35 178
35 180
35 183
35 184
35 186
35 187
35 190
35 192
35 195
35 198
35 200
35 201
35 204
35 205
35 206
35 212
35 216
35 217
35 220
35 229
35 231
35 233
35 240
35 242
35 243
35 245
35 249
35 250
35 252
36 0
36 1
36 2
36 6
36 7
36 12
36 14
36 20
36 29
36 32
36 33
36 35
36 36
36 37
36 40
36 41
36 43
36 45
36 48
36 52
36 60
36 63
36 64
36 71
36 75
36 76
36 80
36 85
36 88
36 92
36 94
36 95
36 100
36 105
36 108
36 109
36 110
36 115
36 118
36 119
36 127
36 131
36 133
36 143
36 148
36 149
36 151
36 154
36 157
36 160
36 161
36 162
36 163
36 164
36 165
36 166
36 168
36 169
36 170
36 171
36 174
36 178
36 183
36 185
36 191
36 192
36 195
36 200
36 201
36 205
36 207
36 210
36 212
36 213
36 214
36 218
36 223
36 229
36 230
36 231
36 237
36 242
36 243
36 246
36 247
36 248
36 249
36 250
36 252
36 253
37 6
37 10
37 11
37 18
37 20
37 21
37 25
37 27
37 28
37 32
37 34
37 36
37 39
37 45
37 51
37 53
37 54
37 57
37 59
37 60
37 61
37 62
37 69
37 75
37 76
37 82
37 83
37 85
37 86
37 87
37 88
37 91
37 93
37 95
37 96
37 97
37 102
37 103
37 104
37 107
37 109
37 110
37 111
37 117
37 122
37 123
37 126
37 130
37 136
37 141
37 145
37 146
37 147
37 148
37 150
37 152
37 156
37 162
37 164
37 167
37 171
37 172
37 174
37 175
37 180
37 182
37 185
37 186
37 188
37 189
37 190
37 192
37 195
37 197
37 212
37 215
37 218
37 219
37 220
37 225
37 229
37 230
37 232
37 235
37 239
37 245
37 247
37 248
37 253
37 255
38 0
38 1
38 3
38 6
38 8
38 9
38 13
38 17
38 21
38 22
38 23
38 24
38 25
38 28
38 33
38 38
38 40
38 41
38 43
38 44
38 46
38 47
38 51
38 52
38 55
38 56
38 61
38 63
38 64
38 66
38 68
38 71
38 77
38 81
38 88
38 90
38 91
38 93
38 96
38 97
38 101
38 103
38 105
38 106
38 111
38 113
38 116
38 118
38 120
38 121
38 133
38 134
38 142
38 144
38 146
38 148
38 151
38 158
38 163
38 166
38 167
38 172
38 173
38 176
38 178
38 182
38 189
38 192
38 194
38 195
38 198
38 200
38 204
38 205
38 207
38 209
38 211
38 220
38 224
38 230
38 232
38 233
38 237
38 239
38 241
38 243
38 246
38 251
38 252
38 255
39 0
39 2
39 5
39 8
39 12
39 14
39 15
39 16
39 17
39 19
39 20
39 21
39 27
39 28
39 39
39 44
39 46
39 47
39 51
39 53
39 54
39 56
39 58
39 62
39 63
39 68
39 69
39 70
39 75
39 78
39 80
39 81
39 83
39 88
39 89
39 90
39 91
39 92
39 94
39 95
39 97
39 102
39 103
39 104
39 107
39 108
39 112
39 115
39 117
39 120
39 121
39 122
39 126
39 128
39 130
39 135
39 141
39 143
39 144
39 145
39 151
39 153
39 155
39 159
39 160
39 163
39 166
39 167
39 170
39 173
39 174
39 180
39 182
39 191
39 199
39 207
39 212
39 213
39 214
39 223
39 225
39 226
39 229
39 231
39 236
39 244
39 247
39 253
39 254
39 255
40 7
40 8
40 9
40 12
40 13
40 18
40 19
40 20
40 22
40 24
40 25
40 30
40 31
40 36
40 40
40 44
40 46
40 47
40 51
40 54
40 56
40 58
40 59
40 61
40 65
40 66
40 73
40 76
40 77
40 79
40 82
40 85
40 88
40 89
40 90
40 91
40 96
40 109
40 110
40 114
40 120
40 122
40 126
40 127
40 131
40 132
40 138
40 139
40 141
40 143
40 148
40 149
40 150
40 159
40 160
40 166
40 167
40 168
40 170
40 171
40 179
40 183
40 184
40 185
40 186
40 190
40 194
40 196
40 197
40 199
40 200
40 203
40 207
40 208
40 210
40 211
40 212
40 213
40 214
40 215
40 218
40 219
40 223
40 227
40 229
40 234
40 236
40 241
40 242
40 254
41 0
41 11
41 12
41 14
41 15
41 18
41 21
41 22
41 23
41 24
41 28
41 29
41 30
41 31
41 32
41 33
41 36
41 38
41 39
41 46
41 48
41 53
41 54
41 58
41 59
41 60
41 62
41 64
41 69
41 71
41 72
41 74
41 78
41 79
41 82
41 86
41 90
41 91
41 94
41 95
41 106
41 107
41 108
41 109
41 110
41 113
41 114
41 122
41 124
41 125
41 130
41 131
41 135
41 136
41 140
41 146
41 147
41 150
41 153
41 154
41 162
41 168
41 171
41 173
41 174
41 177
41 179
41 180
41 181
41 184
41 185
41 187
41 188
41 190
41 192
41 193
41 205
41 215
41 218
41 220
41 224
41 225
41 228
41 230
41 234
41 237
41 242
41 251
41 252
41 255
42 1
42 2
42 4
42 5
42 7
42 9
42 10
42 14
42 15
42 17
42 18
42 19
42 31
42 34
42 36
42 37
42 39
42 41
42 43
42 47
42 50
42 51
42 56
42 57
42 58
42 63
42 65
42 69
42 74
42 76
42 78
42 79
42 88
42 93
42 95
42 99
42 101
42 102
42 108
42 109
42 110
42 111
42 114
42 116
42 117
42 119
42 121
42 122
42 125
42 128
42 131
42 133
42 138
42 139
42 142
42 148
42 149
42 158
42 161
42 162
42 163
42 166
42 170
42 171
42 172
42 173
42 175
42 180
42 182
42 187
42 196
42 197
42 201
42 202
42 206
42 211
42 220
42 222
42 223
42 224
42 230
42 232
42 233
42 235
42 239
42 240
42 241
42 242
42 245
42 246
