3 0
3 2
3 8
3 10
3 13
3 14
3 21
3 22
3 23
3 24
3 25
3 26
3 29
3 30
3 33
3 34
3 35
3 36
3 39
3 43
3 47
3 48
3 49
3 52
3 55
3 56
3 57
3 59
3 61
3 62
3 65
3 77
3 79
3 80
3 81
3 84
3 93
3 95
3 99
3 103
3 110
3 112
3 117
3 121
3 125
3 129
3 132
3 133
3 135
3 136
3 144
3 145
3 152
3 153
3 155
3 157
3 158
3 159
3 162
3 163
3 164
3 167
3 168
3 169
3 170
3 175
3 179
3 181
3 182
3 183
3 187
3 190
3 191
3 192
3 193
3 194
3 195
3 197
3 201
3 202
3 205
3 207
3 213
3 216
3 217
3 219
3 220
3 221
3 225
3 228
3 232
3 233
3 236
3 241
3 242
3 243
3 246
3 248
3 249
3 250
3 253
3 255
4 1
4 2
4 4
4 6
4 9
4 12
4 14
4 17
4 18
4 19
4 23
4 26
4 31
4 33
4 34
4 37
4 40
4 41
4 42
4 43
4 46
4 47
4 49
4 51
4 56
4 59
4 60
4 62
4 64
4 65
4 68
4 72
4 73
4 75
4 77
4 86
4 87
4 89
4 90
4 91
4 92
4 95
4 96
4 99
4 101
4 102
4 103
4 107
4 109
4 110
4 111
4 112
4 115
4 117
4 119
4 120
4 121
4 130
4 132
4 133
4 139
4 142
4 146
4 147
4 149
4 151
4 153
4 162
4 163
4 166
4 167
4 168
4 171
4 172
4 173
4 177
4 178
4 179
4 181
4 184
4 185
4 190
4 199
4 202
4 205
4 208
4 211
4 213
4 219
4 222
4 226
4 228
4 230
4 231
4 236
4 240
4 243
4 246
4 247
4 251
4 253
4 254
5 0
5 5
5 6
5 7
5 9
5 11
5 16
5 18
5 19
5 21
5 22
5 25
5 26
5 31
5 33
5 35
5 42
5 47
5 48
5 49
5 50
5 51
5 54
5 61
5 62
5 63
5 66
5 67
5 69
5 73
5 77
5 78
5 82
5 88
5 91
5 95
5 96
5 98
5 99
5 100
5 101
5 102
5 106
5 108
5 112
5 113
5 114
5 115
5 117
5 121
5 126
5 128
5 135
5 138
5 140
5 141
5 142
5 143
5 144
5 151
5 152
5 154
5 156
5 158
5 159
5 160
5 162
5 165
5 171
5 182
5 185
5 186
5 187
5 188
5 189
5 190
5 191
5 192
5 195
5 196
5 197
5 200
5 203
5 210
5 213
5 215
5 216
5 218
5 219
5 220
5 221
5 222
5 223
5 224
5 226
5 227
5 234
5 247
5 248
5 250
5 253
5 255
6 2
6 3
6 5
6 7
6 15
6 17
6 18
6 21
6 22
6 23
6 24
6 26
6 27
6 28
6 31
6 33
6 37
6 41
6 44
6 45
6 46
6 48
6 49
6 53
6 58
6 59
6 60
6 62
6 63
6 64
6 65
6 66
6 71
6 72
6 73
6 76
6 77
6 81
6 84
6 86
6 87
6 93
6 96
6 99
6 100
6 103
6 105
6 106
6 109
6 110
6 112
6 113
6 114
6 115
6 116
6 119
6 133
6 135
6 143
6 148
6 149
6 151
6 153
6 155
6 158
6 159
6 163
6 164
6 167
6 170
6 173
6 174
6 175
6 176
6 180
6 182
6 183
6 185
6 197
6 198
6 199
6 205
6 206
6 207
6 208
6 209
6 210
6 220
6 224
6 225
6 227
6 234
6 235
6 236
6 238
6 240
6 241
6 242
6 245
6 247
6 250
6 251
7 0
7 4
7 8
7 17
7 18
7 20
7 21
7 23
7 24
7 25
7 28
7 32
7 33
7 34
7 35
7 37
7 39
7 40
7 51
7 52
7 56
7 58
7 60
7 63
7 67
7 79
7 82
7 86
7 87
7 91
7 93
7 94
7 96
7 98
7 99
7 100
7 103
7 104
7 107
7 109
7 112
7 113
7 116
7 117
7 118
7 121
7 124
7 126
7 127
7 129
7 131
7 138
7 144
7 145
7 146
7 147
7 149
7 151
7 152
7 158
7 159
7 160
7 161
7 163
7 164
7 165
7 167
7 170
7 174
7 176
7 183
7 185
7 186
7 189
7 191
7 195
7 199
7 200
7 201
7 204
7 205
7 210
7 211
7 218
7 220
7 221
7 225
7 226
7 227
7 228
7 229
7 230
7 231
7 232
7 234
7 240
7 243
7 245
7 246
7 250
7 253
7 255
8 1
8 4
8 5
8 7
8 8
8 9
8 13
8 14
8 17
8 20
8 23
8 24
8 31
8 32
8 34
8 35
8 36
8 37
8 39
8 40
8 41
8 44
8 49
8 54
8 56
8 57
8 60
8 61
8 62
8 63
8 66
8 67
8 68
8 70
8 73
8 76
8 77
8 78
8 83
8 84
8 88
8 92
8 94
8 95
8 99
8 104
8 106
8 108
8 110
8 112
8 113
8 116
8 118
8 121
8 122
8 127
8 128
8 136
8 137
8 138
8 139
8 144
8 145
8 146
8 148
8 149
8 150
8 151
8 154
8 160
8 166
8 174
8 177
8 179
8 181
8 183
8 187
8 188
8 193
8 197
8 207
8 208
8 209
8 211
8 216
8 218
8 219
8 221
8 223
8 224
8 226
8 227
8 228
8 230
8 231
8 235
8 237
8 240
8 241
8 245
8 248
8 252
9 1
9 2
9 4
9 6
9 8
9 9
9 15
9 16
9 19
9 22
9 25
9 26
9 29
9 30
9 32
9 33
9 38
9 48
9 49
9 52
9 55
9 57
9 58
9 59
9 60
9 61
9 64
9 68
9 70
9 72
9 74
9 81
9 87
9 88
9 90
9 94
9 96
9 98
9 100
9 102
9 103
9 106
9 107
9 108
9 112
9 113
9 115
9 117
9 119
9 122
9 124
9 125
9 132
9 136
9 139
9 143
9 146
9 150
9 151
9 152
9 153
9 154
9 156
9 162
9 166
9 167
9 168
9 169
9 172
9 174
9 175
9 182
9 183
9 189
9 190
9 192
9 193
9 195
9 198
9 199
9 202
9 208
9 210
9 211
9 213
9 214
9 216
9 217
9 220
9 223
9 224
9 226
9 229
9 232
9 238
9 239
9 240
9 241
9 244
9 245
9 247
9 254
10 2
10 4
10 9
10 10
10 12
10 17
10 19
10 20
10 21
10 22
10 25
10 29
10 33
10 34
10 41
10 43
10 46
10 49
10 50
10 51
10 52
10 54
10 56
10 57
10 60
10 61
10 62
10 68
10 71
10 75
10 82
10 83
10 86
10 87
10 88
10 89
10 91
10 97
10 98
10 100
10 101
10 103
10 104
10 108
10 109
10 111
10 113
10 118
10 119
10 120
10 121
10 124
10 129
10 130
10 131
10 132
10 133
10 134
10 137
10 139
10 142
10 143
10 146
10 147
10 151
10 152
10 154
10 157
10 159
10 163
10 169
10 171
10 175
10 176
10 177
10 180
10 185
10 187
10 190
10 192
10 193
10 194
10 195
10 196
10 197
10 198
10 200
10 202
10 203
10 207
10 212
10 221
10 226
10 231
10 238
10 239
10 240
10 244
10 246
10 247
10 249
10 253
11 7
11 9
11 12
11 14
11 17
11 18
11 19
11 23
11 24
11 25
11 28
11 31
11 37
11 41
11 43
11 44
11 45
11 46
11 49
11 50
11 51
11 54
11 57
11 59
11 60
11 64
11 65
11 66
11 67
11 71
11 72
11 74
11 75
11 76
11 79
11 81
11 84
11 90
11 91
11 92
11 96
11 98
11 99
11 104
11 105
11 106
11 110
11 115
11 117
11 118
11 125
11 126
11 127
11 133
11 140
11 141
11 144
11 147
11 149
11 153
11 154
11 155
11 163
11 164
11 166
11 167
11 171
11 176
11 181
11 182
11 183
11 187
11 188
11 191
11 193
11 200
11 201
11 205
11 206
11 208
11 213
11 215
11 216
11 217
11 221
11 223
11 224
11 225
11 226
11 227
11 228
11 230
11 231
11 241
11 243
11 244
11 247
11 248
11 249
11 252
11 253
11 254
12 1
12 3
12 7
12 8
12 9
12 12
12 13
12 16
12 18
12 19
12 21
12 27
12 39
12 40
12 41
12 42
12 44
12 50
12 55
12 57
12 59
12 62
12 65
12 66
12 69
12 72
12 73
12 79
12 81
12 84
12 85
12 89
12 94
12 98
12 100
12 103
12 104
12 106
12 107
12 110
12 112
12 113
12 114
12 116
12 118
12 120
12 121
12 123
12 127
12 128
12 130
12 132
12 137
12 141
12 145
12 147
12 148
12 150
12 152
12 158
12 160
12 163
12 169
12 170
12 173
12 174
12 177
12 179
12 180
12 181
12 182
12 187
12 190
12 191
12 194
12 195
12 196
12 197
12 201
12 203
12 204
12 207
12 208
12 211
12 212
12 213
12 214
12 217
12 219
12 222
12 225
12 227
12 229
12 233
12 235
12 238
12 240
12 243
12 246
12 248
12 249
12 253
13 0
13 1
13 6
13 7
13 8
13 15
13 21
13 22
13 25
13 26
13 27
13 29
13 31
13 33
13 36
13 37
13 39
13 42
13 45
13 46
13 50
13 52
13 53
13 55
13 56
13 57
13 60
13 65
13 66
13 67
13 68
13 69
13 70
13 73
13 78
13 80
13 83
13 84
13 90
13 92
13 95
13 97
13 101
13 104
13 106
13 109
13 110
13 112
13 113
13 114
13 117
13 118
13 122
13 124
13 128
13 129
13 130
13 132
13 133
13 137
13 140
13 144
13 147
13 151
13 161
13 163
13 168
13 171
13 175
13 176
13 178
13 186
13 187
13 188
13 192
13 195
13 196
13 197
13 202
13 203
13 208
13 209
13 211
13 212
13 213
13 216
13 218
13 221
13 223
13 226
13 227
13 229
13 231
13 232
13 233
13 241
13 242
13 243
13 244
13 251
13 252
13 253
14 6
14 9
14 11
14 13
14 14
14 19
14 22
14 23
14 26
14 27
14 28
14 30
14 32
14 34
14 37
14 40
14 44
14 46
14 51
14 55
14 63
14 65
14 68
14 69
14 71
14 76
14 77
14 80
14 81
14 82
14 84
14 85
14 86
14 87
14 90
14 92
14 96
14 100
14 103
14 105
14 112
14 113
14 115
14 116
14 117
14 121
14 122
14 124
14 127
14 132
14 135
14 136
14 137
14 140
14 142
14 143
14 144
14 145
14 152
14 155
14 157
14 158
14 159
14 160
14 163
14 165
14 166
14 167
14 170
14 172
14 174
14 176
14 186
14 192
14 193
14 194
14 195
14 200
14 203
14 204
14 206
14 207
14 210
14 212
14 213
14 215
14 217
14 218
14 219
14 221
14 222
14 224
14 226
14 232
14 233
14 238
14 241
14 243
14 249
14 250
14 253
14 254
15 3
15 4
15 13
15 16
15 17
15 20
15 21
15 23
15 26
15 34
15 35
15 40
15 41
15 44
15 45
15 47
15 50
15 52
15 53
15 58
15 61
15 63
15 67
15 68
15 69
15 70
15 73
15 79
15 81
15 85
15 94
15 95
15 99
15 100
15 102
15 103
15 106
15 111
15 112
15 113
15 117
15 120
15 122
15 123
15 125
15 130
15 131
15 132
15 137
15 138
15 139
15 141
15 148
15 149
15 150
15 153
15 155
15 159
15 160
15 161
15 168
15 169
15 170
15 171
15 172
15 173
15 174
15 175
15 177
15 179
15 181
15 182
15 183
15 184
15 185
15 189
15 190
15 191
15 195
15 196
15 202
15 206
15 207
15 208
15 209
15 211
15 215
15 216
15 219
15 220
15 225
15 226
15 227
15 228
15 230
15 231
15 236
15 241
15 243
15 247
15 248
15 252
16 0
16 1
16 4
16 7
16 21
16 23
16 28
16 29
16 30
16 32
16 35
16 37
16 39
16 44
16 45
16 47
16 48
16 52
16 53
16 54
16 59
16 60
16 64
16 67
16 70
16 71
16 73
16 74
16 75
16 80
16 83
16 86
16 87
16 88
16 89
16 90
16 93
16 97
16 100
16 101
16 106
16 107
16 110
16 111
16 112
16 113
16 114
16 115
16 116
16 119
16 121
16 122
16 123
16 125
16 126
16 128
16 131
16 132
16 134
16 136
16 138
16 140
16 143
16 146
16 147
16 154
16 157
16 162
16 165
16 166
16 174
16 178
16 183
16 193
16 196
16 198
16 199
16 201
16 206
16 207
16 208
16 209
16 211
16 213
16 216
16 217
16 219
16 224
16 225
16 228
16 229
16 231
16 236
16 237
16 238
16 240
16 241
16 242
16 247
16 248
16 249
16 251
17 0
17 7
17 9
17 10
17 12
17 15
17 19
17 20
17 26
17 27
17 30
17 31
17 35
17 37
17 38
17 39
17 40
17 45
17 46
17 49
17 52
17 55
17 56
17 58
17 62
17 66
17 70
17 73
17 74
17 79
17 82
17 84
17 85
17 86
17 89
17 91
17 93
17 94
17 96
17 97
17 98
17 99
17 100
17 101
17 106
17 107
17 114
17 117
17 118
17 120
17 124
17 125
17 129
17 130
17 132
17 139
17 140
17 141
17 142
17 145
17 149
17 150
17 151
17 154
17 158
17 160
17 162
17 165
17 166
17 170
17 174
17 175
17 179
17 180
17 183
17 184
17 187
17 190
17 191
17 192
17 195
17 197
17 199
17 203
17 205
17 206
17 207
17 215
17 217
17 221
17 224
17 227
17 229
17 233
17 242
17 243
17 245
17 247
17 251
17 252
17 253
17 255
18 1
18 2
18 3
18 15
18 16
18 17
18 18
18 20
18 24
18 27
18 29
18 30
18 40
18 42
18 44
18 49
18 50
18 52
18 53
18 55
18 57
18 61
18 68
18 70
18 73
18 75
18 78
18 81
18 82
18 84
18 88
18 93
18 94
18 95
18 97
18 98
18 100
18 103
18 104
18 106
18 107
18 110
18 112
18 115
18 118
18 119
18 120
18 121
18 122
18 123
18 125
18 126
18 128
18 134
18 135
18 136
18 138
18 140
18 142
18 143
18 145
18 147
18 154
18 155
18 159
18 162
18 165
18 178
18 184
18 185
18 187
18 188
18 189
18 192
18 194
18 195
18 196
18 201
18 202
18 203
18 204
18 208
18 209
18 212
18 216
18 217
18 220
18 222
18 223
18 224
18 228
18 229
18 231
18 233
18 235
18 237
18 241
18 242
18 243
18 244
18 245
18 250
19 0
19 2
19 3
19 5
19 9
19 11
19 15
19 16
19 18
19 21
19 22
19 24
19 26
19 32
19 34
19 36
19 39
19 45
19 47
19 51
19 56
19 61
19 63
19 66
19 67
19 71
19 72
19 76
19 79
19 80
19 81
19 82
19 88
19 91
19 97
19 98
19 103
19 107
19 109
19 115
19 119
19 123
19 125
19 129
19 130
19 132
19 134
19 135
19 136
19 139
19 143
19 144
19 145
19 146
19 149
19 150
19 155
19 156
19 157
19 159
19 162
19 166
19 169
19 170
19 174
19 178
19 182
19 188
19 189
19 191
19 192
19 193
19 194
19 195
19 197
19 198
19 199
19 202
19 206
19 207
19 208
19 209
19 211
19 215
19 216
19 217
19 223
19 227
19 230
19 231
19 233
19 237
19 238
19 239
19 240
19 241
19 242
19 244
19 248
19 249
19 251
19 254
20 0
20 2
20 4
20 5
20 6
20 11
20 13
20 14
20 15
20 17
20 18
20 19
20 22
20 27
20 31
20 33
20 37
20 38
20 41
20 44
20 45
20 50
20 51
20 53
20 54
20 55
20 57
20 58
20 59
20 62
20 64
20 66
20 67
20 69
20 76
20 77
20 80
20 84
20 89
20 90
20 92
20 95
20 98
20 103
20 112
20 113
20 115
20 117
20 119
20 120
20 122
20 123
20 126
20 128
20 135
20 138
20 139
20 144
20 145
20 150
20 151
20 155
20 160
20 161
20 163
20 164
20 166
20 169
20 171
20 173
20 174
20 179
20 185
20 186
20 189
20 192
20 193
20 194
20 198
20 200
20 204
20 205
20 206
20 207
20 209
20 212
20 213
20 214
20 221
20 222
20 231
20 232
20 234
20 235
20 238
20 239
20 242
20 243
20 246
20 248
20 252
20 255
21 0
21 2
21 3
21 6
21 12
21 18
21 20
21 22
21 23
21 25
21 27
21 29
21 31
21 32
21 35
21 36
21 41
21 42
21 48
21 51
21 52
21 53
21 57
21 58
21 59
21 66
21 67
21 73
21 74
21 75
21 78
21 79
21 82
21 83
21 87
21 90
21 91
21 92
21 94
21 97
21 99
21 102
21 103
21 104
21 114
21 115
21 116
21 117
21 121
21 122
21 131
21 132
21 139
21 141
21 142
21 144
21 145
21 146
21 147
21 148
21 149
21 150
21 151
21 153
21 156
21 159
21 162
21 164
21 166
21 170
21 171
21 179
21 181
21 184
21 187
21 188
21 191
21 194
21 196
21 197
21 198
21 201
21 206
21 207
21 208
21 209
21 210
21 219
21 220
21 225
21 232
21 233
21 234
21 235
21 236
21 242
21 245
21 247
21 249
21 251
21 253
21 255
22 2
22 4
22 7
22 8
22 13
22 24
22 27
22 30
22 32
22 34
22 36
22 38
22 42
22 43
22 44
22 45
22 46
22 47
22 48
22 49
22 50
22 51
22 55
22 57
22 58
22 62
22 64
22 65
22 67
22 73
22 77
22 80
22 83
22 84
22 85
22 88
22 92
22 95
22 98
22 105
22 108
22 113
22 114
22 115
22 116
22 118
22 121
22 123
22 124
22 127
22 129
22 133
22 134
22 136
22 137
22 140
22 141
22 144
22 145
22 147
22 150
22 153
22 154
22 163
22 164
22 165
22 167
22 168
22 169
22 171
22 175
22 176
22 178
22 179
22 180
22 181
22 182
22 186
22 190
22 195
22 199
22 201
22 204
22 208
22 209
22 213
22 214
22 218
22 219
22 224
22 229
22 230
22 231
22 234
22 237
22 240
22 243
22 245
22 247
22 248
22 249
22 250
23 5
23 7
23 8
23 9
23 13
23 16
23 18
23 20
23 22
23 24
23 26
23 27
23 31
23 34
23 39
23 40
23 41
23 42
23 45
23 46
23 47
23 53
23 56
23 58
23 59
23 63
23 72
23 74
23 75
23 76
23 77
23 79
23 83
23 85
23 87
23 89
23 91
23 92
23 95
23 99
23 100
23 102
23 103
23 105
23 106
23 108
23 109
23 110
23 111
23 112
23 113
23 116
23 117
23 121
23 123
23 124
23 127
23 130
23 133
23 136
23 137
23 139
23 140
23 143
23 146
23 149
23 158
23 160
23 161
23 163
23 166
23 172
23 173
23 176
23 177
23 178
23 184
23 185
23 188
23 189
23 191
23 196
23 198
23 200
23 201
23 202
23 203
23 204
23 206
23 215
23 220
23 224
23 226
23 229
23 233
23 234
23 238
23 242
23 250
23 253
23 254
23 255
24 1
24 2
24 3
24 4
24 5
24 8
24 10
24 13
24 14
24 17
24 25
24 26
24 30
24 31
24 32
24 35
24 36
24 46
24 47
24 49
24 50
24 51
24 53
24 55
24 64
24 68
24 74
24 80
24 82
24 88
24 90
24 91
24 94
24 96
24 97
24 99
24 100
24 102
24 108
24 109
24 110
24 117
24 119
24 122
24 124
24 126
24 131
24 132
24 135
24 136
24 144
24 145
24 149
24 150
24 153
24 155
24 162
24 163
24 164
24 165
24 169
24 170
24 174
24 175
24 177
24 178
24 179
24 180
24 181
24 182
24 187
24 191
24 192
24 196
24 197
24 198
24 199
24 201
24 203
24 204
24 210
24 211
24 212
24 213
24 215
24 219
24 222
24 226
24 229
24 230
24 231
24 233
24 234
24 235
24 237
24 239
24 240
24 241
24 244
24 251
24 252
24 254
25 0
25 2
25 3
25 5
25 12
25 17
25 19
25 21
25 25
25 27
25 28
25 29
25 30
25 35
25 38
25 40
25 42
25 45
25 47
25 49
25 50
25 53
25 55
25 56
25 59
25 60
25 62
25 63
25 71
25 72
25 75
25 76
25 79
25 81
25 87
25 96
25 97
25 98
25 99
25 101
25 107
25 108
25 109
25 110
25 115
25 116
25 117
25 119
25 121
25 123
25 124
25 125
25 130
25 133
25 137
25 138
25 143
25 145
25 146
25 147
25 153
25 155
25 158
25 160
25 161
25 163
25 164
25 165
25 170
25 179
25 181
25 182
25 187
25 188
25 190
25 191
25 194
25 195
25 196
25 198
25 202
25 205
25 206
25 211
25 213
25 221
25 222
25 223
25 224
25 225
25 227
25 229
25 231
25 235
25 237
25 238
25 241
25 245
25 246
25 248
25 250
25 252
26 2
26 3
26 4
26 7
26 9
26 13
26 14
26 15
26 16
26 19
26 21
26 25
26 26
26 27
26 28
26 30
26 31
26 33
26 36
26 40
26 41
26 42
26 43
26 45
26 46
26 49
26 51
26 55
26 57
26 59
26 60
26 69
26 70
26 71
26 74
26 81
26 82
26 83
26 84
26 89
26 93
26 95
26 99
26 101
26 102
26 104
26 105
26 106
26 107
26 108
26 109
26 114
26 122
26 123
26 127
26 134
26 136
26 137
26 140
26 144
26 145
26 147
26 150
26 151
26 154
26 157
26 158
26 161
26 162
26 165
26 168
26 176
26 177
26 180
26 181
26 182
26 183
26 185
26 187
26 193
26 196
26 199
26 200
26 202
26 204
26 207
26 208
26 211
26 212
26 214
26 217
26 224
26 225
26 228
26 234
26 237
26 241
26 244
26 246
26 248
26 250
26 252
27 0
27 5
27 7
27 8
27 10
27 11
27 13
27 17
27 19
27 22
27 23
27 29
27 30
27 31
27 35
27 36
27 44
27 45
27 46
27 48
27 49
27 55
27 59
27 60
27 64
27 68
27 70
27 71
27 74
27 76
27 78
27 83
27 86
27 90
27 91
27 92
27 95
27 96
27 97
27 100
27 107
27 108
27 110
27 111
27 112
27 114
27 115
27 120
27 121
27 123
27 124
27 128
27 134
27 138
27 142
27 145
27 147
27 153
27 154
27 161
27 164
27 165
27 167
27 169
27 173
27 174
27 177
27 178
27 179
27 180
27 182
27 183
27 191
27 197
27 200
27 202
27 204
27 207
27 208
27 209
27 211
27 212
27 213
27 215
27 216
27 220
27 223
27 224
27 226
27 233
27 235
27 236
27 237
27 238
27 239
27 241
27 242
27 243
27 247
27 250
27 252
27 255
28 0
28 2
28 10
28 11
28 13
28 14
28 15
28 16
28 18
28 27
28 30
28 31
28 33
28 36
28 39
28 40
28 43
28 44
28 49
28 50
28 54
28 56
28 62
28 65
28 70
28 73
28 74
28 76
28 79
28 81
28 82
28 83
28 84
28 89
28 91
28 95
28 97
28 98
28 100
28 103
28 105
28 108
28 110
28 116
28 119
28 120
28 123
28 125
28 126
28 128
28 129
28 133
28 134
28 137
28 139
28 140
28 141
28 143
28 144
28 145
28 151
28 153
28 155
28 157
28 159
28 168
28 172
28 173
28 175
28 178
28 181
28 183
28 184
28 185
28 187
28 191
28 195
28 201
28 204
28 205
28 206
28 209
28 210
28 212
28 215
28 216
28 219
28 222
28 223
28 227
28 228
28 232
28 236
28 238
28 242
28 243
28 244
28 245
28 249
28 252
28 254
28 255
29 2
29 4
29 5
29 9
29 13
29 14
29 15
29 20
29 21
29 22
29 26
29 27
29 31
29 33
29 35
29 36
29 37
29 38
29 40
29 42
29 43
29 45
29 50
29 52
29 62
29 63
29 65
29 67
29 69
29 70
29 71
29 72
29 73
29 74
29 75
29 83
29 88
29 89
29 90
29 92
29 94
29 98
29 99
29 100
29 101
29 102
29 106
29 108
29 113
29 114
29 115
29 116
29 118
29 120
29 121
29 124
29 125
29 133
29 137
29 144
29 146
29 147
29 149
29 151
29 153
29 155
29 157
29 159
29 162
29 163
29 164
29 167
29 168
29 176
29 179
29 180
29 183
29 186
29 187
29 194
29 195
29 199
29 203
29 208
29 209
29 210
29 211
29 213
29 218
29 219
29 223
29 225
29 227
29 229
29 234
29 235
29 237
29 239
29 240
29 247
29 248
29 254
30 3
30 4
30 8
30 10
30 11
30 15
30 18
30 19
30 20
30 21
30 24
30 27
30 29
30 34
30 35
30 41
30 45
30 46
30 47
30 50
30 55
30 58
30 60
30 62
30 65
30 68
30 69
30 70
30 71
30 75
30 76
30 77
30 79
30 81
30 84
30 86
30 90
30 92
30 93
30 95
30 97
30 99
30 102
30 104
30 106
30 108
30 111
30 112
30 113
30 114
30 119
30 120
30 122
30 125
30 127
30 129
30 130
30 136
30 139
30 140
30 144
30 149
30 150
30 153
30 155
30 157
30 159
30 162
30 163
30 165
30 170
30 173
30 174
30 175
30 176
30 177
30 178
30 185
30 186
30 188
30 192
30 194
30 195
30 196
30 197
30 198
30 204
30 215
30 217
30 219
30 223
30 230
30 231
30 233
30 234
30 239
30 240
30 241
30 242
30 248
30 250
30 254
31 1
31 3
31 5
31 7
31 8
31 9
31 10
31 15
31 17
31 23
31 24
31 26
31 29
31 31
31 36
31 38
31 43
31 47
31 49
31 52
31 53
31 61
31 62
31 63
31 66
31 67
31 72
31 73
31 80
31 81
31 86
31 89
31 92
31 94
31 95
31 97
31 98
31 100
31 110
31 112
31 115
31 116
31 117
31 119
31 120
31 123
31 131
31 132
31 133
31 140
31 144
31 145
31 146
31 149
31 150
31 154
31 155
31 159
31 162
31 163
31 165
31 166
31 167
31 169
31 172
31 177
31 181
31 186
31 187
31 197
31 198
31 199
31 201
31 202
31 204
31 205
31 206
31 210
31 211
31 212
31 214
31 217
31 218
31 219
31 221
31 223
31 224
31 225
31 227
31 228
31 229
31 231
31 235
31 236
31 237
31 238
31 239
31 242
31 246
31 252
31 253
31 255
32 0
32 1
32 4
32 9
32 14
32 15
32 16
32 18
32 22
32 24
32 25
32 26
32 32
32 34
32 36
32 37
32 38
32 41
32 42
32 45
32 49
32 50
32 54
32 55
32 60
32 63
32 64
32 67
32 68
32 69
32 73
32 75
32 84
32 85
32 86
32 90
32 91
32 95
32 97
32 98
32 100
32 103
32 104
32 108
32 109
32 110
32 113
32 116
32 119
32 121
32 126
32 132
32 135
32 137
32 138
32 139
32 140
32 142
32 148
32 149
32 150
32 151
32 158
32 161
32 162
32 164
32 169
32 171
32 174
32 176
32 178
32 179
32 186
32 187
32 188
32 189
32 192
32 197
32 200
32 201
32 202
32 204
32 205
32 206
32 207
32 217
32 218
32 222
32 223
32 228
32 230
32 231
32 233
32 238
32 239
32 241
32 243
32 247
32 249
32 252
32 253
32 254
33 4
33 6
33 7
33 9
33 10
33 13
33 17
33 23
33 25
33 28
33 29
33 31
33 33
33 34
33 37
33 39
33 40
33 44
33 46
33 47
33 48
33 52
33 55
33 61
33 66
33 69
33 70
33 72
33 76
33 78
33 81
33 82
33 83
33 85
33 88
33 89
33 90
33 93
33 95
33 96
33 97
33 98
33 99
33 100
33 101
33 102
33 103
33 105
33 108
33 109
33 111
33 114
33 117
33 118
33 125
33 126
33 128
33 131
33 133
33 135
33 136
33 140
33 141
33 142
33 143
33 146
33 151
33 162
33 163
33 167
33 168
33 169
33 170
33 177
33 178
33 183
33 185
33 187
33 188
33 191
33 196
33 197
33 199
33 200
33 202
33 204
33 205
33 210
33 214
33 217
33 218
33 225
33 228
33 230
33 234
33 240
33 243
33 245
33 248
33 250
33 251
33 255
34 4
34 5
34 6
34 7
34 9
34 12
34 13
34 17
34 23
34 26
34 28
34 29
34 34
34 36
34 37
34 39
34 40
34 41
34 43
34 44
34 46
34 47
34 50
34 52
34 54
34 55
34 56
34 58
34 60
34 61
34 62
34 72
34 77
34 78
34 80
34 82
34 86
34 88
34 91
34 95
34 96
34 97
34 101
34 104
34 112
34 113
34 114
34 115
34 117
34 122
34 123
34 125
34 126
34 128
34 134
34 135
34 138
34 139
34 144
34 146
34 147
34 151
34 155
34 156
34 157
34 159
34 161
34 165
34 166
34 167
34 168
34 174
34 175
34 177
34 178
34 182
34 188
34 189
34 190
34 192
34 199
34 200
34 205
34 207
34 208
34 209
34 210
34 213
34 217
34 221
34 223
34 228
34 230
34 239
34 241
34 242
34 243
34 244
34 248
34 252
34 254
34 255
35 2
35 3
35 5
35 6
35 10
35 11
35 13
35 14
35 18
35 19
35 20
35 21
35 23
35 24
35 27
35 33
35 34
35 40
35 43
35 44
35 45
35 46
35 48
35 52
35 56
35 58
35 60
35 61
35 62
35 64
35 67
35 74
35 76
35 79
35 83
35 86
35 92
35 94
35 101
35 104
35 108
35 109
35 110
35 112
35 114
35 115
35 116
35 119
35 124
35 127
35 128
35 129
35 133
35 134
35 137
35 139
35 140
35 142
35 143
35 145
35 146
35 148
35 149
35 150
35 152
35 154
35 164
35 165
35 169
35 171
35 173
35 178
35 179
35 180
35 183
35 184
35 187
35 188
35 190
35 192
35 195
35 197
35 198
35 200
35 204
35 205
35 206
35 210
35 213
35 220
35 228
35 229
35 231
35 233
35 240
35 242
35 245
35 246
35 247
35 250
35 251
35 254
36 0
36 1
36 2
36 5
36 6
36 7
36 12
36 13
36 15
36 19
36 20
36 23
36 25
36 26
36 29
36 31
36 32
36 33
36 35
36 37
36 40
36 45
36 48
36 52
36 56
36 62
36 63
36 64
36 71
36 76
36 77
36 78
36 80
36 81
36 82
36 84
36 85
36 88
36 92
36 95
36 100
36 105
36 106
36 109
36 110
36 111
36 119
36 120
36 127
36 130
36 131
36 133
36 140
36 148
36 151
36 154
36 157
36 158
36 160
36 161
36 164
36 167
36 168
36 170
36 172
36 175
36 183
36 184
36 185
36 186
36 187
36 188
36 190
36 191
36 192
36 195
36 196
36 200
36 201
36 202
36 205
36 207
36 208
36 209
36 210
36 213
36 214
36 218
36 223
36 229
36 230
36 233
36 237
36 240
36 242
36 243
36 245
36 247
36 249
36 250
36 252
36 253
37 0
37 10
37 11
37 12
37 13
37 14
37 15
37 16
37 17
37 18
37 19
37 20
37 21
37 25
37 27
37 28
37 30
37 32
37 34
37 36
37 37
37 39
37 44
37 48
37 51
37 53
37 54
37 57
37 58
37 60
37 68
37 69
37 70
37 75
37 76
37 80
37 82
37 83
37 85
37 87
37 88
37 91
37 93
37 96
37 103
37 104
37 107
37 110
37 128
37 129
37 130
37 135
37 140
37 141
37 145
37 146
37 147
37 148
37 149
37 150
37 153
37 156
37 157
37 161
37 164
37 165
37 166
37 167
37 171
37 174
37 180
37 181
37 182
37 183
37 184
37 185
37 186
37 188
37 189
37 192
37 194
37 195
37 207
37 212
37 217
37 218
37 220
37 221
37 224
37 225
37 229
37 230
37 231
37 235
37 236
37 238
37 240
37 247
37 248
37 249
37 253
37 255
38 0
38 3
38 4
38 6
38 9
38 11
38 15
38 17
38 18
38 21
38 23
38 24
38 33
38 35
38 36
38 38
38 40
38 41
38 43
38 44
38 46
38 49
38 55
38 61
38 63
38 66
38 68
38 70
38 71
38 74
38 77
38 79
38 80
38 81
38 82
38 87
38 88
38 89
38 90
38 91
38 93
38 94
38 96
38 97
38 101
38 102
38 108
38 110
38 111
38 113
38 116
38 121
38 125
38 133
38 136
38 142
38 144
38 145
38 146
38 150
38 155
38 158
38 162
38 163
38 166
38 167
38 172
38 176
38 180
38 189
38 190
38 191
38 192
38 194
38 195
38 196
38 198
38 200
38 204
38 205
38 206
38 207
38 209
38 211
38 213
38 214
38 215
38 216
38 220
38 224
38 225
38 232
38 236
38 237
38 238
38 241
38 242
38 246
38 251
38 252
38 253
38 255
39 0
39 2
39 8
39 10
39 14
39 16
39 17
39 20
39 21
39 23
39 25
39 27
39 28
39 39
39 43
39 44
39 46
39 51
39 53
39 54
39 58
39 59
39 63
39 64
39 68
39 69
39 72
39 77
39 79
39 80
39 81
39 84
39 87
39 88
39 89
39 90
39 91
39 92
39 94
39 97
39 102
39 103
39 104
39 106
39 107
39 119
39 120
39 121
39 122
39 124
39 125
39 126
39 128
39 131
39 136
39 138
39 139
39 141
39 142
39 143
39 144
39 145
39 148
39 152
39 153
39 154
39 159
39 160
39 163
39 167
39 168
39 173
39 174
39 182
39 183
39 188
39 189
39 190
39 191
39 193
39 199
39 202
39 206
39 212
39 213
39 215
39 216
39 217
39 218
39 222
39 225
39 236
39 237
39 239
39 244
39 246
39 247
39 248
39 251
39 253
39 254
39 255
40 0
40 7
40 8
40 9
40 12
40 13
40 14
40 18
40 20
40 23
40 24
40 25
40 28
40 30
40 31
40 35
40 37
40 40
40 44
40 47
40 51
40 52
40 56
40 57
40 58
40 59
40 63
40 65
40 66
40 67
40 71
40 73
40 76
40 77
40 78
40 79
40 81
40 82
40 85
40 87
40 89
40 90
40 91
40 92
40 96
40 97
40 98
40 108
40 117
40 120
40 122
40 123
40 124
40 128
40 131
40 132
40 136
40 138
40 139
40 142
40 143
40 144
40 148
40 149
40 157
40 160
40 161
40 163
40 164
40 165
40 166
40 170
40 179
40 184
40 185
40 194
40 196
40 197
40 200
40 202
40 203
40 207
40 210
40 211
40 212
40 213
40 214
40 215
40 218
40 219
40 220
40 222
40 223
40 224
40 226
40 227
40 229
40 234
40 236
40 241
40 244
40 254
41 0
41 3
41 11
41 12
41 13
41 14
41 15
41 18
41 22
41 23
41 24
41 28
41 29
41 30
41 31
41 33
41 36
41 38
41 39
41 46
41 48
41 50
41 53
41 58
41 60
41 62
41 66
41 68
41 71
41 72
41 74
41 77
41 79
41 82
41 83
41 86
41 87
41 88
41 89
41 90
41 91
41 94
41 98
41 101
41 103
41 106
41 109
41 110
41 112
41 114
41 117
41 122
41 124
41 125
41 131
41 135
41 136
41 138
41 142
41 146
41 147
41 150
41 154
41 160
41 170
41 171
41 173
41 177
41 179
41 180
41 181
41 184
41 187
41 188
41 190
41 192
41 193
41 196
41 197
41 199
41 207
41 209
41 212
41 215
41 218
41 220
41 221
41 224
41 225
41 228
41 230
41 231
41 234
41 236
41 237
41 242
41 243
41 244
41 245
41 251
41 252
41 255
42 1
42 2
42 4
42 5
42 10
42 14
42 17
42 19
42 26
42 29
42 31
42 34
42 36
42 39
42 41
42 43
42 44
42 46
42 47
42 51
42 53
42 56
42 57
42 58
42 63
42 64
42 65
42 67
42 68
42 69
42 74
42 76
42 78
42 85
42 86
42 88
42 93
42 95
42 99
42 101
42 102
42 107
42 108
42 109
42 110
42 111
42 114
42 116
42 117
42 119
42 121
42 127
42 128
42 133
42 138
42 139
42 140
42 142
42 146
42 148
42 149
42 157
42 158
42 160
42 161
42 163
42 165
42 166
42 168
42 170
42 171
42 172
42 173
42 174
42 175
42 182
42 183
42 187
42 196
42 197
42 201
42 204
42 206
42 207
42 210
42 212
42 220
42 223
42 225
42 226
42 227
42 230
42 232
42 235
42 239
42 241
42 242
42 245
42 246
42 250
42 251
42 253
