3 0
3 3
3 4
3 8
3 10
3 11
3 13
3 14
3 15
3 17
3 21
3 22
3 23
3 25
3 26
3 29
3 30
3 31
3 33
3 34
3 35
3 39
3 40
3 41
3 43
3 44
3 46
3 47
3 48
3 49
3 50
3 51
3 52
3 54
3 55
3 56
3 57
3 59
3 61
3 62
3 65
3 66
3 69
3 72
3 73
3 76
3 79
3 80
3 81
3 83
3 84
3 85
3 86
3 87
3 89
3 90
3 93
3 95
3 96
3 98
3 99
3 100
3 102
3 103
3 104
3 105
3 108
3 109
3 110
3 112
3 113
3 114
3 116
3 121
3 125
3 127
3 129
3 131
3 132
3 133
3 135
3 136
3 138
3 139
3 141
3 142
3 144
3 145
3 148
3 149
3 151
3 152
3 153
3 155
3 156
3 157
3 158
3 162
3 163
3 164
3 167
3 168
3 169
3 170
3 171
3 172
3 173
3 175
3 179
3 181
3 183
3 184
3 185
3 188
3 189
3 190
3 191
3 192
3 193
3 194
3 195
3 196
3 197
3 202
3 205
3 207
3 210
3 212
3 213
3 214
3 216
3 219
3 220
3 221
3 224
3 225
3 227
3 228
3 231
3 233
3 234
3 235
3 236
3 237
3 239
3 241
3 242
3 244
3 246
3 247
3 248
3 249
3 250
3 251
3 253
3 255
4 0
4 2
4 4
4 6
4 8
4 9
4 10
4 12
4 14
4 17
4 18
4 19
4 20
4 21
4 23
4 27
4 29
4 30
4 31
4 32
4 33
4 34
4 35
4 37
4 38
4 39
4 40
4 41
4 42
4 43
4 45
4 46
4 47
4 48
4 49
4 50
4 51
4 52
4 53
4 56
4 57
4 59
4 60
4 62
4 65
4 68
4 69
4 72
4 73
4 75
4 76
4 77
4 78
4 81
4 83
4 86
4 87
4 89
4 90
4 91
4 92
4 93
4 95
4 96
4 99
4 101
4 102
4 103
4 104
4 106
4 107
4 109
4 110
4 111
4 112
4 114
4 115
4 117
4 119
4 121
4 127
4 128
4 130
4 131
4 132
4 133
4 136
4 137
4 139
4 142
4 145
4 146
4 147
4 149
4 150
4 151
4 153
4 156
4 162
4 163
4 164
4 166
4 167
4 168
4 170
4 171
4 172
4 173
4 177
4 179
4 181
4 182
4 184
4 188
4 190
4 193
4 195
4 196
4 197
4 198
4 199
4 201
4 202
4 203
4 204
4 205
4 208
4 211
4 213
4 214
4 215
4 217
4 219
4 220
4 221
4 222
4 223
4 224
4 225
4 226
4 228
4 230
4 231
4 235
4 240
4 243
4 246
4 247
4 248
4 249
4 250
4 251
4 252
4 253
4 254
4 255
5 0
5 4
5 5
5 6
5 7
5 8
5 9
5 11
5 12
5 14
5 15
5 16
5 18
5 19
5 21
5 22
5 23
5 25
5 26
5 29
5 30
5 31
5 33
5 34
5 35
5 39
5 40
5 41
5 42
5 45
5 46
5 47
5 48
5 49
5 50
5 51
5 54
5 56
5 61
5 63
5 65
5 66
5 67
5 68
5 69
5 73
5 74
5 76
5 78
5 80
5 82
5 83
5 84
5 85
5 89
5 93
5 94
5 95
5 96
5 98
5 99
5 100
5 101
5 102
5 105
5 107
5 108
5 111
5 112
5 113
5 114
5 115
5 116
5 117
5 121
5 125
5 126
5 128
5 138
5 140
5 141
5 143
5 144
5 146
5 147
5 148
5 149
5 150
5 151
5 152
5 154
5 155
5 156
5 157
5 158
5 159
5 160
5 161
5 162
5 164
5 165
5 170
5 171
5 176
5 177
5 178
5 179
5 181
5 182
5 185
5 186
5 187
5 188
5 189
5 190
5 191
5 192
5 193
5 195
5 196
5 197
5 198
5 200
5 203
5 204
5 207
5 210
5 211
5 213
5 215
5 216
5 217
5 219
5 220
5 221
5 222
5 223
5 224
5 225
5 226
5 227
5 228
5 229
5 230
5 231
5 237
5 242
5 243
5 245
5 246
5 247
5 249
5 250
5 253
5 254
5 255
6 0
6 2
6 3
6 5
6 7
6 8
6 9
6 15
6 18
6 19
6 20
6 21
6 22
6 23
6 24
6 26
6 27
6 28
6 31
6 33
6 35
6 37
6 41
6 42
6 44
6 45
6 48
6 49
6 50
6 52
6 53
6 58
6 59
6 60
6 61
6 62
6 63
6 64
6 65
6 66
6 69
6 72
6 73
6 76
6 77
6 79
6 81
6 83
6 84
6 85
6 86
6 87
6 91
6 92
6 93
6 95
6 96
6 97
6 98
6 99
6 100
6 101
6 103
6 104
6 105
6 106
6 109
6 110
6 112
6 113
6 114
6 115
6 117
6 119
6 121
6 122
6 129
6 132
6 133
6 134
6 135
6 139
6 140
6 144
6 147
6 148
6 149
6 150
6 151
6 153
6 155
6 157
6 158
6 159
6 161
6 162
6 163
6 164
6 165
6 166
6 167
6 168
6 169
6 170
6 173
6 174
6 175
6 176
6 177
6 178
6 180
6 181
6 183
6 185
6 186
6 187
6 189
6 191
6 192
6 195
6 196
6 197
6 198
6 202
6 205
6 206
6 208
6 210
6 214
6 217
6 220
6 223
6 224
6 225
6 227
6 231
6 232
6 233
6 234
6 235
6 236
6 237
6 238
6 239
6 240
6 241
6 242
6 243
6 245
6 247
6 250
6 251
6 252
6 253
6 254
6 255
7 0
7 2
7 3
7 4
7 6
7 7
7 8
7 13
7 15
7 17
7 18
7 19
7 20
7 21
7 22
7 23
7 24
7 25
7 27
7 28
7 31
7 32
7 33
7 34
7 35
7 37
7 39
7 40
7 46
7 48
7 51
7 52
7 54
7 56
7 58
7 59
7 60
7 61
7 63
7 67
7 68
7 71
7 73
7 78
7 79
7 82
7 83
7 84
7 85
7 86
7 87
7 90
7 91
7 92
7 94
7 95
7 96
7 98
7 99
7 100
7 102
7 103
7 104
7 106
7 107
7 108
7 109
7 112
7 113
7 114
7 115
7 116
7 117
7 118
7 121
7 124
7 126
7 127
7 128
7 129
7 131
7 133
7 134
7 138
7 139
7 142
7 143
7 144
7 145
7 146
7 147
7 151
7 152
7 154
7 156
7 158
7 159
7 160
7 161
7 163
7 164
7 165
7 167
7 168
7 170
7 172
7 174
7 182
7 183
7 184
7 185
7 186
7 189
7 190
7 191
7 194
7 195
7 196
7 197
7 199
7 200
7 201
7 204
7 205
7 208
7 210
7 212
7 213
7 214
7 215
7 218
7 220
7 221
7 222
7 225
7 226
7 227
7 228
7 229
7 230
7 231
7 232
7 234
7 235
7 236
7 237
7 242
7 243
7 245
7 246
7 248
7 249
7 250
7 253
7 254
7 255
8 1
8 2
8 4
8 5
8 6
8 7
8 9
8 12
8 13
8 14
8 15
8 16
8 17
8 18
8 20
8 22
8 23
8 24
8 26
8 27
8 28
8 29
8 30
8 31
8 32
8 34
8 35
8 36
8 37
8 39
8 40
8 41
8 42
8 44
8 47
8 48
8 49
8 53
8 54
8 57
8 58
8 59
8 62
8 63
8 64
8 65
8 66
8 67
8 68
8 69
8 70
8 71
8 73
8 75
8 76
8 78
8 79
8 82
8 84
8 85
8 86
8 87
8 88
8 91
8 92
8 94
8 95
8 96
8 99
8 102
8 103
8 104
8 106
8 108
8 110
8 112
8 113
8 116
8 117
8 118
8 119
8 121
8 122
8 126
8 127
8 128
8 136
8 137
8 138
8 139
8 141
8 145
8 148
8 149
8 150
8 151
8 154
8 155
8 156
8 157
8 159
8 160
8 161
8 165
8 166
8 167
8 168
8 171
8 172
8 173
8 174
8 177
8 179
8 180
8 181
8 183
8 184
8 186
8 187
8 188
8 189
8 195
8 198
8 202
8 204
8 205
8 206
8 207
8 208
8 209
8 210
8 212
8 214
8 215
8 216
8 219
8 221
8 223
8 224
8 225
8 226
8 227
8 228
8 231
8 232
8 235
8 237
8 239
8 240
8 241
8 245
8 247
8 248
8 249
8 252
8 255
9 1
9 2
9 3
9 4
9 5
9 6
9 8
9 9
9 12
9 14
9 15
9 16
9 19
9 20
9 22
9 24
9 25
9 26
9 29
9 30
9 32
9 33
9 34
9 38
9 41
9 42
9 43
9 48
9 49
9 52
9 53
9 55
9 58
9 59
9 60
9 61
9 62
9 64
9 68
9 69
9 70
9 72
9 73
9 74
9 75
9 78
9 81
9 82
9 83
9 85
9 87
9 89
9 90
9 91
9 93
9 94
9 95
9 96
9 98
9 99
9 100
9 103
9 104
9 106
9 107
9 108
9 112
9 113
9 115
9 116
9 117
9 118
9 119
9 122
9 124
9 126
9 127
9 129
9 132
9 134
9 135
9 136
9 139
9 142
9 143
9 146
9 149
9 150
9 151
9 152
9 153
9 154
9 156
9 158
9 159
9 161
9 162
9 163
9 164
9 165
9 166
9 168
9 169
9 172
9 174
9 175
9 176
9 179
9 180
9 182
9 183
9 186
9 187
9 188
9 190
9 192
9 193
9 195
9 198
9 199
9 200
9 202
9 205
9 208
9 210
9 211
9 212
9 213
9 214
9 215
9 216
9 217
9 219
9 221
9 222
9 223
9 224
9 226
9 229
9 230
9 232
9 234
9 237
9 238
9 239
9 240
9 241
9 244
9 245
9 247
9 248
9 251
9 252
9 253
9 254
9 255
10 1
10 2
10 4
10 6
10 7
10 9
10 10
10 12
10 15
10 16
10 17
10 19
10 20
10 21
10 22
10 23
10 25
10 26
10 29
10 30
10 33
10 34
10 35
10 37
10 41
10 43
10 44
10 45
10 46
10 48
10 49
10 50
10 51
10 52
10 53
10 54
10 55
10 56
10 57
10 59
10 60
10 61
10 62
10 63
10 65
10 68
10 69
10 71
10 72
10 74
10 75
10 76
10 77
10 78
10 80
10 81
10 82
10 86
10 87
10 89
10 91
10 92
10 98
10 100
10 101
10 103
10 104
10 105
10 107
10 108
10 109
10 111
10 117
10 118
10 119
10 120
10 121
10 122
10 124
10 126
10 129
10 130
10 131
10 132
10 133
10 134
10 135
10 137
10 138
10 139
10 141
10 142
10 143
10 146
10 147
10 150
10 151
10 152
10 154
10 155
10 157
10 159
10 160
10 163
10 164
10 168
10 169
10 170
10 171
10 173
10 175
10 176
10 177
10 180
10 183
10 184
10 185
10 187
10 190
10 192
10 193
10 194
10 195
10 196
10 197
10 199
10 200
10 202
10 203
10 205
10 207
10 208
10 209
10 210
10 211
10 212
10 213
10 216
10 217
10 218
10 221
10 226
10 228
10 229
10 230
10 231
10 232
10 235
10 238
10 239
10 244
10 248
10 249
10 252
10 254
10 255
11 2
11 3
11 5
11 6
11 9
11 11
11 12
11 14
11 15
11 17
11 18
11 19
11 20
11 23
11 24
11 25
11 28
11 29
11 31
11 33
11 35
11 37
11 41
11 43
11 44
11 45
11 46
11 48
11 49
11 50
11 51
11 54
11 57
11 58
11 59
11 60
11 61
11 64
11 65
11 66
11 67
11 70
11 71
11 72
11 73
11 75
11 76
11 77
11 79
11 80
11 81
11 82
11 84
11 87
11 90
11 91
11 92
11 94
11 96
11 97
11 99
11 102
11 103
11 104
11 105
11 106
11 108
11 110
11 113
11 114
11 115
11 117
11 118
11 119
11 123
11 124
11 125
11 126
11 127
11 129
11 133
11 134
11 136
11 138
11 140
11 141
11 143
11 144
11 146
11 147
11 148
11 150
11 151
11 153
11 154
11 155
11 156
11 157
11 160
11 162
11 164
11 165
11 166
11 167
11 171
11 174
11 176
11 177
11 178
11 181
11 182
11 183
11 185
11 186
11 187
11 188
11 191
11 193
11 194
11 195
11 199
11 200
11 201
11 205
11 206
11 208
11 209
11 211
11 213
11 214
11 215
11 216
11 217
11 218
11 219
11 220
11 221
11 223
11 224
11 225
11 226
11 227
11 228
11 230
11 231
11 235
11 238
11 241
11 242
11 244
11 247
11 248
11 249
11 252
11 253
11 254
12 1
12 2
12 4
12 5
12 7
12 8
12 9
12 10
12 12
12 13
12 16
12 18
12 19
12 20
12 21
12 23
12 26
12 27
12 34
12 39
12 40
12 41
12 42
12 46
12 49
12 50
12 51
12 53
12 54
12 55
12 56
12 57
12 58
12 59
12 60
12 61
12 62
12 63
12 64
12 65
12 66
12 69
12 71
12 72
12 73
12 78
12 79
12 81
12 84
12 85
12 89
12 90
12 91
12 92
12 94
12 95
12 97
12 98
12 100
12 101
12 103
12 104
12 106
12 107
12 109
12 112
12 113
12 114
12 116
12 118
12 120
12 121
12 123
12 126
12 127
12 128
12 130
12 131
12 132
12 134
12 137
12 140
12 141
12 145
12 147
12 148
12 150
12 152
12 154
12 155
12 156
12 158
12 159
12 160
12 163
12 164
12 166
12 167
12 168
12 169
12 170
12 171
12 173
12 174
12 177
12 179
12 180
12 181
12 182
12 183
12 187
12 189
12 190
12 191
12 194
12 195
12 196
12 197
12 199
12 201
12 202
12 203
12 206
12 207
12 208
12 209
12 211
12 212
12 213
12 214
12 215
12 217
12 218
12 219
12 220
12 222
12 223
12 224
12 225
12 226
12 227
12 229
12 231
12 233
12 234
12 235
12 238
12 240
12 241
12 243
12 245
12 246
12 248
12 250
12 251
12 252
13 0
13 1
13 3
13 6
13 7
13 8
13 10
13 12
13 15
13 16
13 17
13 20
13 21
13 25
13 26
13 27
13 28
13 29
13 31
13 32
13 33
13 35
13 36
13 37
13 39
13 41
13 42
13 45
13 46
13 48
13 49
13 50
13 52
13 53
13 55
13 56
13 57
13 58
13 59
13 65
13 66
13 67
13 68
13 69
13 70
13 73
13 78
13 79
13 80
13 82
13 83
13 84
13 86
13 88
13 90
13 92
13 93
13 94
13 95
13 97
13 99
13 101
13 104
13 105
13 106
13 107
13 108
13 109
13 110
13 111
13 112
13 113
13 114
13 116
13 117
13 119
13 121
13 122
13 123
13 124
13 125
13 127
13 128
13 129
13 130
13 132
13 133
13 134
13 135
13 137
13 139
13 140
13 144
13 145
13 147
13 149
13 150
13 151
13 152
13 154
13 155
13 156
13 158
13 161
13 162
13 163
13 165
13 168
13 170
13 171
13 172
13 173
13 175
13 176
13 178
13 184
13 185
13 186
13 187
13 188
13 189
13 190
13 191
13 194
13 195
13 196
13 197
13 198
13 202
13 203
13 204
13 207
13 209
13 211
13 212
13 213
13 216
13 218
13 220
13 221
13 223
13 226
13 227
13 229
13 230
13 231
13 232
13 233
13 241
13 242
13 243
13 244
13 249
13 251
13 252
13 253
14 3
14 4
14 6
14 9
14 10
14 11
14 12
14 13
14 14
14 17
14 19
14 21
14 22
14 23
14 24
14 26
14 27
14 28
14 30
14 31
14 32
14 34
14 35
14 36
14 37
14 40
14 41
14 44
14 46
14 48
14 50
14 51
14 55
14 56
14 58
14 62
14 63
14 65
14 68
14 69
14 71
14 76
14 77
14 79
14 80
14 81
14 82
14 84
14 85
14 86
14 87
14 88
14 89
14 90
14 92
14 94
14 96
14 100
14 101
14 103
14 105
14 106
14 109
14 110
14 112
14 113
14 114
14 115
14 116
14 117
14 118
14 120
14 121
14 122
14 123
14 124
14 125
14 127
14 130
14 132
14 133
14 134
14 135
14 136
14 137
14 140
14 141
14 142
14 143
14 144
14 145
14 148
14 150
14 151
14 152
14 153
14 154
14 155
14 156
14 157
14 159
14 160
14 163
14 165
14 167
14 168
14 170
14 172
14 174
14 175
14 176
14 177
14 178
14 181
14 185
14 186
14 192
14 193
14 194
14 197
14 200
14 201
14 202
14 203
14 204
14 206
14 207
14 209
14 210
14 212
14 213
14 215
14 217
14 218
14 219
14 220
14 221
14 222
14 224
14 227
14 228
14 229
14 232
14 233
14 234
14 236
14 237
14 238
14 241
14 243
14 245
14 249
14 250
14 252
14 253
14 254
15 0
15 2
15 3
15 4
15 6
15 7
15 8
15 10
15 13
15 15
15 16
15 20
15 21
15 23
15 26
15 28
15 30
15 31
15 32
15 33
15 34
15 35
15 37
15 39
15 40
15 41
15 43
15 44
15 45
15 47
15 48
15 49
15 50
15 51
15 52
15 53
15 54
15 58
15 61
15 63
15 67
15 68
15 69
15 70
15 73
15 75
15 76
15 77
15 78
15 79
15 80
15 81
15 82
15 84
15 85
15 87
15 89
15 93
15 94
15 95
15 97
15 99
15 100
15 103
15 106
15 107
15 108
15 111
15 112
15 113
15 117
15 118
15 119
15 120
15 122
15 123
15 125
15 130
15 131
15 132
15 134
15 135
15 137
15 138
15 139
15 141
15 142
15 143
15 144
15 146
15 148
15 149
15 152
15 153
15 155
15 159
15 160
15 161
15 162
15 164
15 166
15 167
15 168
15 170
15 171
15 172
15 173
15 174
15 175
15 177
15 179
15 181
15 182
15 183
15 184
15 185
15 188
15 189
15 190
15 191
15 195
15 196
15 200
15 202
15 203
15 204
15 206
15 207
15 208
15 209
15 211
15 212
15 215
15 216
15 219
15 220
15 221
15 225
15 226
15 227
15 228
15 229
15 230
15 231
15 232
15 236
15 238
15 241
15 243
15 244
15 247
15 248
15 249
15 251
15 252
15 255
16 0
16 1
16 2
16 4
16 5
16 7
16 9
16 13
16 14
16 15
16 16
16 20
16 21
16 23
16 24
16 27
16 28
16 29
16 30
16 31
16 32
16 37
16 38
16 39
16 40
16 44
16 45
16 47
16 48
16 51
16 52
16 53
16 55
16 58
16 59
16 60
16 63
16 64
16 67
16 68
16 69
16 70
16 71
16 73
16 74
16 75
16 76
16 78
16 79
16 80
16 83
16 86
16 87
16 88
16 89
16 90
16 91
16 92
16 93
16 97
16 98
16 100
16 101
16 102
16 105
16 106
16 107
16 108
16 110
16 111
16 112
16 113
16 114
16 115
16 116
16 118
16 119
16 121
16 122
16 123
16 125
16 126
16 128
16 129
16 131
16 132
16 134
16 135
16 136
16 139
16 140
16 142
16 143
16 145
16 146
16 147
16 148
16 150
16 152
16 154
16 156
16 158
16 162
16 164
16 165
16 166
16 169
16 173
16 174
16 177
16 178
16 180
16 183
16 186
16 193
16 194
16 196
16 198
16 199
16 201
16 202
16 203
16 204
16 206
16 207
16 209
16 211
16 212
16 213
16 214
16 216
16 217
16 218
16 219
16 222
16 224
16 225
16 228
16 229
16 230
16 231
16 232
16 233
16 236
16 237
16 238
16 239
16 240
16 241
16 242
16 244
16 246
16 247
16 248
16 249
16 250
17 0
17 5
17 6
17 7
17 9
17 10
17 11
17 12
17 13
17 14
17 15
17 16
17 19
17 20
17 24
17 26
17 27
17 30
17 31
17 32
17 34
17 35
17 37
17 38
17 39
17 40
17 41
17 44
17 45
17 46
17 48
17 49
17 50
17 52
17 56
17 58
17 59
17 60
17 62
17 64
17 66
17 67
17 70
17 71
17 73
17 74
17 78
17 79
17 82
17 84
17 85
17 86
17 89
17 91
17 94
17 97
17 98
17 100
17 101
17 102
17 106
17 107
17 109
17 111
17 112
17 114
17 117
17 118
17 119
17 120
17 121
17 123
17 124
17 125
17 126
17 129
17 130
17 132
17 133
17 134
17 135
17 138
17 139
17 140
17 142
17 143
17 145
17 147
17 148
17 149
17 150
17 151
17 154
17 156
17 157
17 158
17 159
17 161
17 162
17 163
17 165
17 166
17 168
17 170
17 173
17 174
17 175
17 179
17 180
17 183
17 184
17 186
17 187
17 190
17 191
17 192
17 193
17 195
17 196
17 197
17 199
17 201
17 202
17 204
17 205
17 206
17 207
17 208
17 210
17 215
17 217
17 220
17 221
17 222
17 224
17 227
17 229
17 230
17 232
17 233
17 234
17 235
17 238
17 240
17 242
17 243
17 245
17 247
17 248
17 249
17 250
17 251
17 252
17 253
17 254
17 255
18 0
18 1
18 2
18 3
18 4
18 6
18 7
18 8
18 10
18 15
18 16
18 17
18 20
18 22
18 23
18 24
18 26
18 27
18 28
18 30
18 32
18 33
18 35
18 40
18 41
18 42
18 44
18 45
18 46
18 49
18 50
18 51
18 52
18 53
18 55
18 56
18 57
18 58
18 60
18 61
18 62
18 63
18 65
18 68
18 70
18 73
18 75
18 78
18 80
18 81
18 82
18 84
18 86
18 87
18 88
18 91
18 93
18 94
18 95
18 97
18 98
18 100
18 102
18 103
18 104
18 105
18 106
18 107
18 110
18 112
18 114
18 115
18 118
18 119
18 120
18 121
18 122
18 123
18 125
18 126
18 128
18 130
18 131
18 132
18 134
18 135
18 136
18 137
18 138
18 140
18 142
18 143
18 144
18 145
18 146
18 147
18 151
18 154
18 155
18 157
18 159
18 162
18 165
18 167
18 172
18 175
18 176
18 178
18 179
18 181
18 182
18 184
18 185
18 187
18 188
18 189
18 192
18 194
18 195
18 196
18 198
18 200
18 201
18 202
18 203
18 204
18 207
18 208
18 209
18 212
18 215
18 216
18 217
18 220
18 223
18 224
18 228
18 229
18 231
18 232
18 233
18 234
18 235
18 237
18 238
18 239
18 241
18 242
18 243
18 244
18 245
18 246
18 249
18 250
18 253
18 254
19 0
19 3
19 4
19 5
19 8
19 9
19 11
19 12
19 13
19 14
19 16
19 18
19 19
19 21
19 22
19 24
19 25
19 26
19 28
19 30
19 32
19 34
19 36
19 37
19 44
19 45
19 47
19 48
19 51
19 54
19 55
19 56
19 57
19 59
19 61
19 62
19 63
19 64
19 66
19 67
19 68
19 71
19 72
19 74
19 76
19 77
19 78
19 80
19 81
19 82
19 83
19 86
19 88
19 91
19 92
19 93
19 95
19 96
19 97
19 98
19 102
19 103
19 107
19 108
19 109
19 110
19 115
19 118
19 122
19 123
19 124
19 125
19 129
19 130
19 132
19 134
19 135
19 136
19 139
19 143
19 144
19 145
19 146
19 148
19 149
19 150
19 151
19 154
19 155
19 156
19 159
19 160
19 161
19 162
19 163
19 164
19 166
19 168
19 169
19 170
19 174
19 175
19 177
19 178
19 182
19 184
19 185
19 188
19 189
19 191
19 192
19 193
19 194
19 195
19 196
19 197
19 198
19 199
19 201
19 202
19 203
19 206
19 207
19 208
19 209
19 210
19 211
19 212
19 215
19 216
19 217
19 220
19 222
19 223
19 225
19 226
19 227
19 228
19 230
19 232
19 233
19 234
19 236
19 237
19 238
19 240
19 241
19 242
19 244
19 247
19 248
19 249
19 251
19 252
19 253
19 254
20 0
20 2
20 4
20 5
20 6
20 8
20 9
20 11
20 12
20 13
20 14
20 15
20 17
20 18
20 19
20 20
20 21
20 22
20 23
20 25
20 27
20 28
20 31
20 32
20 33
20 34
20 37
20 38
20 41
20 42
20 43
20 44
20 45
20 46
20 49
20 50
20 51
20 52
20 53
20 54
20 55
20 56
20 58
20 59
20 62
20 64
20 66
20 67
20 68
20 69
20 70
20 73
20 74
20 75
20 76
20 77
20 78
20 80
20 81
20 83
20 84
20 85
20 87
20 88
20 89
20 90
20 91
20 92
20 94
20 95
20 96
20 98
20 99
20 103
20 112
20 113
20 114
20 115
20 116
20 117
20 118
20 119
20 120
20 121
20 122
20 123
20 124
20 126
20 128
20 129
20 134
20 135
20 137
20 138
20 139
20 142
20 144
20 145
20 150
20 151
20 155
20 160
20 161
20 162
20 163
20 164
20 166
20 169
20 171
20 173
20 174
20 178
20 179
20 182
20 183
20 184
20 185
20 186
20 188
20 192
20 193
20 194
20 195
20 196
20 198
20 202
20 204
20 205
20 206
20 207
20 209
20 212
20 213
20 214
20 215
20 220
20 221
20 222
20 224
20 225
20 227
20 228
20 229
20 231
20 232
20 234
20 235
20 238
20 239
20 242
20 243
20 247
20 248
20 251
20 252
20 255
21 0
21 2
21 3
21 4
21 5
21 6
21 10
21 11
21 12
21 15
21 17
21 18
21 20
21 22
21 23
21 25
21 26
21 27
21 28
21 29
21 30
21 31
21 32
21 33
21 35
21 40
21 41
21 42
21 43
21 45
21 48
21 50
21 51
21 52
21 57
21 58
21 59
21 60
21 62
21 65
21 66
21 67
21 72
21 73
21 74
21 75
21 78
21 79
21 82
21 83
21 87
21 88
21 89
21 90
21 91
21 92
21 95
21 97
21 100
21 102
21 103
21 104
21 107
21 108
21 110
21 111
21 114
21 115
21 116
21 117
21 121
21 122
21 123
21 124
21 125
21 126
21 130
21 131
21 134
21 138
21 139
21 141
21 142
21 144
21 145
21 146
21 147
21 148
21 149
21 150
21 151
21 153
21 155
21 156
21 157
21 159
21 161
21 162
21 164
21 165
21 166
21 167
21 169
21 170
21 171
21 172
21 173
21 174
21 176
21 178
21 179
21 181
21 187
21 188
21 190
21 191
21 194
21 196
21 197
21 198
21 199
21 201
21 203
21 204
21 206
21 207
21 208
21 209
21 210
21 212
21 216
21 217
21 218
21 219
21 220
21 223
21 224
21 225
21 228
21 230
21 232
21 233
21 234
21 235
21 238
21 242
21 244
21 245
21 247
21 248
21 249
21 250
21 252
21 253
21 254
21 255
22 2
22 4
22 5
22 6
22 7
22 8
22 10
22 12
22 13
22 17
22 18
22 20
22 21
22 23
22 24
22 26
22 27
22 30
22 32
22 33
22 34
22 36
22 38
22 42
22 44
22 45
22 46
22 47
22 48
22 49
22 51
22 53
22 55
22 57
22 58
22 60
22 61
22 62
22 64
22 65
22 69
22 70
22 71
22 73
22 75
22 76
22 77
22 80
22 82
22 83
22 84
22 85
22 87
22 88
22 92
22 97
22 98
22 101
22 102
22 103
22 105
22 107
22 109
22 111
22 114
22 115
22 116
22 117
22 118
22 121
22 122
22 123
22 124
22 126
22 127
22 128
22 129
22 131
22 133
22 134
22 136
22 137
22 140
22 141
22 142
22 144
22 145
22 147
22 150
22 153
22 154
22 159
22 160
22 161
22 164
22 165
22 167
22 168
22 169
22 170
22 171
22 176
22 178
22 179
22 180
22 181
22 182
22 183
22 184
22 185
22 186
22 187
22 189
22 190
22 194
22 195
22 196
22 197
22 199
22 200
22 201
22 203
22 204
22 206
22 208
22 209
22 211
22 212
22 213
22 214
22 215
22 216
22 217
22 218
22 219
22 221
22 223
22 224
22 226
22 229
22 230
22 231
22 233
22 234
22 237
22 240
22 241
22 242
22 243
22 244
22 245
22 247
22 249
22 250
22 252
22 254
23 0
23 2
23 4
23 5
23 8
23 9
23 12
23 13
23 14
23 16
23 18
23 20
23 22
23 24
23 26
23 27
23 28
23 29
23 34
23 35
23 37
23 39
23 40
23 41
23 42
23 43
23 44
23 45
23 46
23 47
23 49
23 53
23 54
23 56
23 58
23 59
23 64
23 66
23 69
23 71
23 72
23 73
23 75
23 77
23 78
23 79
23 83
23 85
23 87
23 89
23 90
23 91
23 92
23 95
23 96
23 97
23 98
23 99
23 100
23 102
23 103
23 105
23 106
23 108
23 109
23 110
23 112
23 113
23 114
23 115
23 116
23 117
23 120
23 121
23 123
23 126
23 127
23 132
23 133
23 136
23 137
23 138
23 139
23 140
23 143
23 144
23 146
23 147
23 149
23 150
23 151
23 155
23 157
23 158
23 160
23 161
23 162
23 166
23 167
23 170
23 171
23 172
23 173
23 174
23 175
23 176
23 177
23 178
23 179
23 182
23 183
23 184
23 185
23 187
23 188
23 189
23 190
23 191
23 194
23 196
23 198
23 200
23 201
23 202
23 203
23 206
23 207
23 209
23 210
23 211
23 214
23 215
23 216
23 219
23 220
23 222
23 224
23 225
23 226
23 227
23 229
23 231
23 232
23 234
23 235
23 237
23 238
23 239
23 240
23 242
23 244
23 248
23 250
23 253
23 254
23 255
24 1
24 2
24 3
24 4
24 8
24 9
24 10
24 13
24 14
24 17
24 18
24 23
24 25
24 26
24 27
24 29
24 30
24 31
24 32
24 33
24 36
24 39
24 43
24 44
24 46
24 47
24 48
24 49
24 50
24 51
24 52
24 53
24 55
24 56
24 57
24 61
24 63
24 64
24 65
24 69
24 70
24 73
24 74
24 80
24 82
24 83
24 84
24 85
24 88
24 89
24 90
24 93
24 94
24 96
24 97
24 99
24 100
24 102
24 103
24 105
24 106
24 108
24 109
24 110
24 111
24 112
24 113
24 117
24 119
24 120
24 122
24 125
24 126
24 127
24 131
24 132
24 136
24 137
24 138
24 140
24 144
24 145
24 148
24 149
24 150
24 153
24 156
24 158
24 159
24 161
24 162
24 163
24 164
24 165
24 166
24 168
24 169
24 170
24 171
24 172
24 174
24 175
24 176
24 177
24 178
24 179
24 180
24 181
24 182
24 184
24 187
24 191
24 192
24 195
24 196
24 197
24 198
24 199
24 200
24 201
24 203
24 204
24 205
24 207
24 210
24 211
24 212
24 213
24 215
24 217
24 219
24 222
24 223
24 226
24 227
24 229
24 230
24 231
24 232
24 233
24 234
24 235
24 237
24 238
24 239
24 240
24 241
24 244
24 246
24 247
24 249
24 250
24 251
24 252
24 253
24 254
25 1
25 2
25 3
25 5
25 7
25 11
25 12
25 14
25 15
25 16
25 17
25 19
25 21
25 23
25 25
25 27
25 28
25 29
25 30
25 31
25 32
25 35
25 36
25 38
25 40
25 41
25 42
25 43
25 45
25 47
25 48
25 49
25 50
25 52
25 53
25 55
25 56
25 59
25 60
25 61
25 62
25 63
25 67
25 71
25 74
25 75
25 76
25 77
25 78
25 79
25 80
25 81
25 82
25 83
25 85
25 87
25 89
25 96
25 97
25 98
25 99
25 100
25 101
25 103
25 107
25 108
25 109
25 110
25 112
25 113
25 115
25 116
25 119
25 121
25 123
25 124
25 125
25 126
25 127
25 129
25 130
25 133
25 134
25 135
25 136
25 137
25 138
25 139
25 140
25 142
25 143
25 145
25 146
25 147
25 150
25 152
25 153
25 155
25 158
25 160
25 161
25 163
25 164
25 165
25 170
25 171
25 172
25 175
25 177
25 179
25 181
25 183
25 187
25 188
25 191
25 194
25 195
25 196
25 198
25 201
25 202
25 203
25 204
25 206
25 209
25 210
25 211
25 213
25 215
25 217
25 218
25 221
25 222
25 223
25 224
25 225
25 227
25 228
25 229
25 230
25 231
25 233
25 235
25 237
25 238
25 239
25 241
25 244
25 245
25 246
25 248
25 249
25 250
25 251
25 252
25 255
26 0
26 2
26 3
26 4
26 5
26 7
26 9
26 13
26 14
26 15
26 16
26 19
26 20
26 21
26 22
26 23
26 25
26 27
26 28
26 30
26 31
26 33
26 34
26 36
26 40
26 41
26 42
26 43
26 44
26 45
26 46
26 49
26 50
26 51
26 54
26 56
26 57
26 59
26 60
26 61
26 66
26 67
26 69
26 70
26 74
26 75
26 77
26 81
26 82
26 83
26 84
26 85
26 88
26 90
26 91
26 93
26 94
26 95
26 97
26 99
26 101
26 102
26 104
26 106
26 107
26 108
26 109
26 110
26 111
26 112
26 114
26 115
26 116
26 117
26 119
26 122
26 123
26 125
26 127
26 129
26 131
26 133
26 134
26 135
26 136
26 137
26 138
26 139
26 140
26 143
26 144
26 145
26 146
26 147
26 149
26 151
26 154
26 157
26 158
26 161
26 162
26 165
26 168
26 169
26 170
26 175
26 176
26 177
26 178
26 179
26 180
26 181
26 182
26 183
26 185
26 186
26 187
26 192
26 193
26 194
26 196
26 199
26 200
26 202
26 204
26 205
26 207
26 208
26 211
26 212
26 214
26 215
26 217
26 218
26 219
26 220
26 221
26 224
26 225
26 228
26 232
26 233
26 234
26 237
26 238
26 241
26 243
26 244
26 245
26 246
26 247
26 248
26 249
26 250
26 252
26 254
27 0
27 5
27 7
27 8
27 10
27 11
27 13
27 14
27 17
27 19
27 21
27 22
27 23
27 24
27 25
27 27
27 29
27 30
27 31
27 32
27 33
27 34
27 35
27 36
27 37
27 38
27 40
27 41
27 43
27 44
27 45
27 46
27 48
27 49
27 51
27 53
27 55
27 56
27 59
27 64
27 66
27 67
27 68
27 69
27 70
27 71
27 72
27 74
27 76
27 77
27 78
27 82
27 83
27 85
27 86
27 90
27 91
27 92
27 93
27 94
27 96
27 97
27 98
27 100
27 101
27 104
27 106
27 107
27 108
27 110
27 111
27 112
27 115
27 120
27 121
27 123
27 124
27 125
27 126
27 128
27 130
27 132
27 134
27 136
27 138
27 141
27 142
27 145
27 146
27 147
27 153
27 154
27 155
27 157
27 158
27 159
27 161
27 163
27 164
27 165
27 166
27 169
27 171
27 172
27 173
27 174
27 175
27 177
27 178
27 179
27 180
27 182
27 183
27 186
27 189
27 190
27 191
27 192
27 193
27 195
27 196
27 199
27 200
27 202
27 204
27 208
27 209
27 210
27 211
27 212
27 213
27 215
27 216
27 217
27 220
27 223
27 225
27 226
27 233
27 235
27 236
27 237
27 238
27 239
27 240
27 241
27 242
27 243
27 245
27 247
27 248
27 250
27 251
27 252
27 253
27 255
28 0
28 2
28 3
28 8
28 10
28 11
28 12
28 13
28 14
28 15
28 16
28 18
28 21
28 23
28 24
28 26
28 27
28 29
28 30
28 31
28 32
28 33
28 36
28 39
28 40
28 43
28 44
28 47
28 49
28 50
28 51
28 54
28 55
28 56
28 60
28 62
28 63
28 65
28 66
28 67
28 68
28 69
28 70
28 73
28 74
28 75
28 76
28 79
28 81
28 82
28 83
28 84
28 89
28 91
28 92
28 95
28 97
28 98
28 100
28 104
28 105
28 108
28 110
28 113
28 116
28 117
28 118
28 119
28 120
28 122
28 123
28 124
28 125
28 126
28 128
28 129
28 133
28 134
28 136
28 137
28 138
28 139
28 140
28 141
28 143
28 144
28 145
28 146
28 147
28 148
28 151
28 153
28 154
28 155
28 156
28 159
28 161
28 162
28 166
28 167
28 168
28 171
28 172
28 173
28 174
28 175
28 176
28 178
28 179
28 183
28 184
28 185
28 187
28 188
28 190
28 191
28 193
28 195
28 196
28 197
28 199
28 201
28 203
28 204
28 205
28 206
28 209
28 210
28 212
28 214
28 215
28 216
28 219
28 221
28 222
28 223
28 225
28 227
28 228
28 229
28 232
28 233
28 234
28 236
28 238
28 242
28 243
28 244
28 245
28 247
28 249
28 250
28 252
28 253
28 254
28 255
29 2
29 3
29 4
29 5
29 6
29 9
29 11
29 13
29 15
29 16
29 17
29 20
29 21
29 22
29 23
29 26
29 27
29 31
29 32
29 33
29 35
29 37
29 38
29 40
29 41
29 42
29 43
29 45
29 46
29 49
29 50
29 52
29 53
29 54
29 55
29 56
29 57
29 58
29 59
29 61
29 62
29 63
29 64
29 65
29 67
29 69
29 70
29 71
29 72
29 73
29 74
29 78
29 80
29 83
29 85
29 86
29 87
29 90
29 92
29 94
29 97
29 98
29 99
29 101
29 102
29 103
29 105
29 106
29 108
29 109
29 110
29 112
29 113
29 114
29 115
29 116
29 118
29 120
29 121
29 122
29 124
29 125
29 126
29 127
29 131
29 133
29 134
29 135
29 137
29 141
29 142
29 143
29 144
29 146
29 147
29 149
29 150
29 151
29 153
29 155
29 157
29 159
29 162
29 164
29 167
29 168
29 169
29 176
29 179
29 180
29 182
29 183
29 186
29 187
29 192
29 194
29 195
29 196
29 198
29 201
29 203
29 208
29 209
29 210
29 211
29 212
29 213
29 217
29 218
29 219
29 221
29 223
29 224
29 225
29 226
29 227
29 228
29 229
29 230
29 231
29 233
29 234
29 235
29 237
29 239
29 240
29 245
29 246
29 247
29 248
29 249
29 250
29 251
29 252
29 254
29 255
30 0
30 1
30 3
30 4
30 6
30 8
30 10
30 11
30 12
30 13
30 15
30 16
30 18
30 20
30 21
30 24
30 25
30 27
30 29
30 33
30 34
30 35
30 36
30 38
30 40
30 41
30 42
30 44
30 45
30 46
30 47
30 50
30 53
30 54
30 55
30 58
30 60
30 61
30 62
30 65
30 68
30 69
30 70
30 71
30 72
30 74
30 75
30 76
30 77
30 78
30 79
30 81
30 84
30 85
30 86
30 90
30 92
30 93
30 94
30 95
30 96
30 97
30 98
30 99
30 101
30 104
30 105
30 106
30 107
30 108
30 109
30 111
30 112
30 113
30 114
30 115
30 118
30 119
30 120
30 121
30 122
30 126
30 127
30 129
30 130
30 134
30 136
30 140
30 144
30 147
30 150
30 151
30 153
30 154
30 155
30 156
30 157
30 158
30 159
30 160
30 161
30 162
30 163
30 165
30 168
30 170
30 173
30 174
30 175
30 176
30 177
30 182
30 184
30 185
30 186
30 187
30 188
30 192
30 194
30 195
30 196
30 198
30 199
30 200
30 203
30 204
30 209
30 213
30 214
30 215
30 216
30 217
30 218
30 219
30 221
30 222
30 223
30 225
30 228
30 230
30 231
30 232
30 234
30 238
30 239
30 240
30 241
30 242
30 243
30 244
30 245
30 247
30 248
30 250
30 253
30 254
31 1
31 2
31 3
31 5
31 6
31 7
31 8
31 9
31 10
31 12
31 15
31 17
31 19
31 23
31 24
31 26
31 27
31 29
31 31
31 35
31 36
31 37
31 38
31 41
31 42
31 43
31 45
31 47
31 48
31 51
31 52
31 53
31 54
31 55
31 56
31 61
31 62
31 63
31 66
31 67
31 69
31 71
31 72
31 73
31 74
31 75
31 76
31 79
31 80
31 81
31 82
31 84
31 86
31 89
31 90
31 92
31 94
31 95
31 97
31 98
31 99
31 100
31 101
31 103
31 108
31 110
31 112
31 114
31 116
31 117
31 119
31 120
31 121
31 122
31 123
31 126
31 128
31 129
31 130
31 131
31 132
31 133
31 135
31 137
31 140
31 141
31 144
31 146
31 148
31 149
31 150
31 151
31 154
31 155
31 159
31 160
31 161
31 162
31 163
31 164
31 165
31 166
31 167
31 169
31 170
31 171
31 172
31 176
31 177
31 178
31 181
31 186
31 187
31 188
31 191
31 192
31 193
31 194
31 195
31 196
31 197
31 199
31 201
31 204
31 205
31 206
31 208
31 209
31 210
31 211
31 212
31 215
31 217
31 218
31 219
31 220
31 223
31 224
31 225
31 226
31 227
31 228
31 229
31 235
31 236
31 237
31 238
31 239
31 242
31 245
31 246
31 250
31 251
31 252
31 253
31 254
32 0
32 1
32 2
32 3
32 4
32 5
32 8
32 9
32 13
32 14
32 15
32 16
32 18
32 19
32 20
32 21
32 22
32 25
32 26
32 28
32 31
32 32
32 34
32 36
32 37
32 38
32 40
32 41
32 42
32 43
32 44
32 45
32 46
32 48
32 49
32 50
32 54
32 55
32 59
32 60
32 62
32 63
32 64
32 66
32 67
32 68
32 69
32 72
32 73
32 75
32 77
32 78
32 79
32 80
32 81
32 84
32 85
32 86
32 89
32 90
32 91
32 92
32 95
32 96
32 97
32 98
32 99
32 103
32 104
32 108
32 109
32 110
32 113
32 114
32 115
32 116
32 119
32 120
32 121
32 123
32 124
32 126
32 128
32 129
32 132
32 135
32 136
32 137
32 138
32 139
32 140
32 142
32 146
32 148
32 149
32 150
32 153
32 156
32 157
32 161
32 162
32 163
32 164
32 166
32 168
32 169
32 171
32 172
32 173
32 174
32 175
32 176
32 178
32 179
32 182
32 183
32 186
32 187
32 188
32 191
32 192
32 197
32 200
32 201
32 202
32 203
32 204
32 205
32 206
32 207
32 209
32 211
32 212
32 215
32 216
32 217
32 218
32 222
32 225
32 228
32 230
32 231
32 233
32 235
32 236
32 237
32 238
32 239
32 240
32 241
32 246
32 247
32 249
32 250
32 252
32 254
33 4
33 6
33 7
33 9
33 10
33 11
33 12
33 13
33 17
33 18
33 20
33 22
33 23
33 24
33 25
33 26
33 27
33 28
33 29
33 30
33 31
33 32
33 34
33 36
33 37
33 38
33 39
33 40
33 43
33 44
33 45
33 46
33 47
33 48
33 49
33 50
33 52
33 54
33 55
33 56
33 57
33 61
33 63
33 64
33 66
33 69
33 70
33 72
33 76
33 77
33 78
33 79
33 81
33 82
33 83
33 85
33 86
33 87
33 88
33 89
33 90
33 93
33 95
33 96
33 97
33 98
33 99
33 100
33 101
33 102
33 103
33 105
33 108
33 109
33 111
33 112
33 114
33 117
33 118
33 119
33 121
33 122
33 125
33 126
33 128
33 130
33 131
33 132
33 133
33 134
33 135
33 136
33 137
33 140
33 141
33 142
33 144
33 145
33 146
33 147
33 148
33 149
33 151
33 158
33 160
33 162
33 163
33 165
33 167
33 168
33 169
33 170
33 171
33 177
33 178
33 179
33 181
33 183
33 185
33 187
33 188
33 191
33 193
33 196
33 197
33 199
33 200
33 201
33 202
33 204
33 205
33 206
33 207
33 209
33 210
33 213
33 214
33 217
33 218
33 224
33 227
33 228
33 229
33 230
33 234
33 240
33 243
33 244
33 245
33 246
33 247
33 248
33 250
33 251
33 253
33 255
34 1
34 4
34 5
34 6
34 7
34 8
34 9
34 12
34 13
34 14
34 17
34 18
34 22
34 23
34 26
34 28
34 29
34 31
34 32
34 33
34 34
34 35
34 36
34 37
34 38
34 39
34 40
34 41
34 42
34 43
34 45
34 46
34 47
34 50
34 52
34 53
34 54
34 55
34 56
34 57
34 58
34 59
34 60
34 62
34 63
34 64
34 68
34 69
34 70
34 71
34 72
34 76
34 77
34 78
34 79
34 80
34 82
34 85
34 86
34 88
34 89
34 91
34 92
34 95
34 96
34 97
34 98
34 101
34 103
34 104
34 107
34 109
34 112
34 113
34 114
34 117
34 118
34 122
34 123
34 125
34 126
34 127
34 128
34 134
34 135
34 137
34 138
34 139
34 142
34 144
34 146
34 147
34 149
34 150
34 151
34 153
34 155
34 156
34 157
34 159
34 160
34 161
34 165
34 166
34 167
34 168
34 170
34 171
34 174
34 175
34 176
34 177
34 178
34 180
34 181
34 182
34 183
34 184
34 189
34 190
34 191
34 192
34 194
34 199
34 202
34 205
34 206
34 208
34 209
34 210
34 211
34 212
34 214
34 217
34 218
34 220
34 221
34 223
34 227
34 229
34 232
34 233
34 234
34 236
34 238
34 239
34 240
34 241
34 242
34 243
34 245
34 247
34 250
34 252
34 254
34 255
35 0
35 1
35 2
35 3
35 5
35 6
35 7
35 8
35 9
35 10
35 11
35 13
35 14
35 15
35 16
35 18
35 19
35 20
35 21
35 23
35 24
35 26
35 27
35 29
35 30
35 33
35 34
35 35
35 37
35 40
35 43
35 44
35 45
35 46
35 47
35 48
35 49
35 50
35 51
35 52
35 56
35 58
35 62
35 63
35 64
35 65
35 70
35 71
35 72
35 74
35 79
35 83
35 84
35 85
35 86
35 90
35 91
35 92
35 93
35 94
35 97
35 99
35 101
35 102
35 104
35 106
35 107
35 108
35 109
35 110
35 112
35 113
35 114
35 116
35 117
35 119
35 120
35 123
35 124
35 127
35 128
35 129
35 130
35 132
35 133
35 134
35 135
35 137
35 139
35 140
35 142
35 143
35 145
35 146
35 147
35 148
35 149
35 150
35 151
35 152
35 153
35 154
35 157
35 158
35 160
35 161
35 162
35 163
35 165
35 169
35 171
35 172
35 173
35 176
35 178
35 179
35 180
35 183
35 184
35 186
35 187
35 188
35 190
35 191
35 192
35 195
35 197
35 199
35 200
35 201
35 204
35 205
35 206
35 210
35 212
35 213
35 214
35 216
35 220
35 221
35 227
35 229
35 231
35 236
35 240
35 241
35 242
35 243
35 245
35 246
35 247
35 249
35 250
35 251
35 252
35 254
36 0
36 1
36 2
36 3
36 4
36 5
36 6
36 7
36 8
36 12
36 13
36 14
36 15
36 19
36 20
36 23
36 24
36 25
36 26
36 29
36 31
36 32
36 33
36 35
36 36
36 37
36 40
36 41
36 43
36 45
36 48
36 50
36 52
36 56
36 59
36 62
36 63
36 64
36 66
36 68
36 69
36 71
36 72
36 74
36 75
36 76
36 77
36 78
36 79
36 80
36 82
36 84
36 85
36 86
36 88
36 92
36 93
36 94
36 95
36 96
36 97
36 98
36 100
36 106
36 108
36 109
36 110
36 111
36 112
36 113
36 115
36 118
36 119
36 120
36 123
36 127
36 130
36 131
36 133
36 134
36 135
36 136
36 138
36 140
36 141
36 148
36 149
36 151
36 152
36 154
36 157
36 158
36 160
36 161
36 162
36 163
36 164
36 165
36 167
36 168
36 169
36 170
36 172
36 173
36 174
36 175
36 178
36 179
36 180
36 181
36 183
36 184
36 185
36 186
36 187
36 188
36 189
36 190
36 191
36 192
36 193
36 194
36 195
36 196
36 199
36 200
36 201
36 202
36 203
36 205
36 206
36 207
36 209
36 210
36 212
36 213
36 214
36 223
36 227
36 228
36 229
36 230
36 231
36 235
36 236
36 237
36 242
36 243
36 245
36 246
36 247
36 249
36 250
36 252
36 253
36 254
37 0
37 1
37 2
37 6
37 10
37 11
37 12
37 13
37 14
37 15
37 16
37 17
37 18
37 19
37 20
37 21
37 22
37 25
37 26
37 27
37 28
37 30
37 32
37 33
37 34
37 35
37 36
37 37
37 39
37 44
37 45
37 46
37 47
37 48
37 51
37 52
37 53
37 54
37 55
37 57
37 58
37 60
37 61
37 62
37 65
37 68
37 69
37 70
37 72
37 75
37 76
37 77
37 80
37 82
37 83
37 85
37 86
37 87
37 88
37 90
37 91
37 93
37 96
37 97
37 101
37 102
37 103
37 104
37 105
37 107
37 111
37 112
37 113
37 115
37 117
37 120
37 122
37 123
37 126
37 127
37 128
37 129
37 130
37 135
37 136
37 138
37 140
37 141
37 145
37 146
37 147
37 148
37 149
37 150
37 151
37 152
37 153
37 156
37 157
37 159
37 161
37 162
37 164
37 165
37 166
37 167
37 169
37 170
37 171
37 172
37 174
37 175
37 180
37 182
37 183
37 184
37 185
37 186
37 187
37 189
37 190
37 192
37 194
37 195
37 197
37 205
37 207
37 209
37 212
37 213
37 214
37 215
37 217
37 218
37 219
37 220
37 221
37 224
37 225
37 226
37 229
37 230
37 231
37 234
37 235
37 236
37 238
37 239
37 240
37 245
37 247
37 248
37 249
37 253
37 254
37 255
38 0
38 1
38 3
38 5
38 8
38 9
38 11
38 15
38 17
38 18
38 21
38 22
38 23
38 24
38 25
38 27
38 28
38 32
38 33
38 35
38 36
38 38
38 40
38 41
38 43
38 44
38 46
38 47
38 49
38 51
38 52
38 55
38 56
38 57
38 60
38 61
38 63
38 64
38 66
38 68
38 70
38 71
38 76
38 77
38 79
38 80
38 81
38 82
38 84
38 87
38 88
38 89
38 90
38 91
38 92
38 93
38 94
38 96
38 97
38 101
38 102
38 103
38 105
38 106
38 108
38 109
38 110
38 111
38 113
38 115
38 116
38 118
38 119
38 120
38 121
38 124
38 125
38 127
38 130
38 132
38 133
38 137
38 138
38 140
38 141
38 142
38 144
38 145
38 146
38 148
38 150
38 158
38 160
38 161
38 162
38 163
38 166
38 167
38 172
38 173
38 174
38 175
38 176
38 179
38 180
38 181
38 182
38 187
38 189
38 190
38 192
38 193
38 194
38 195
38 196
38 198
38 200
38 201
38 204
38 205
38 206
38 207
38 209
38 211
38 212
38 213
38 215
38 216
38 217
38 218
38 220
38 223
38 224
38 225
38 226
38 230
38 231
38 232
38 233
38 234
38 235
38 236
38 237
38 238
38 239
38 241
38 243
38 244
38 245
38 246
38 248
38 250
38 251
38 252
38 253
38 255
39 0
39 2
39 5
39 7
39 8
39 10
39 11
39 12
39 14
39 15
39 16
39 17
39 19
39 20
39 21
39 23
39 27
39 28
39 34
39 38
39 39
39 40
39 43
39 44
39 45
39 46
39 47
39 49
39 51
39 52
39 53
39 54
39 56
39 58
39 59
39 63
39 65
39 66
39 68
39 69
39 70
39 71
39 73
39 75
39 77
39 78
39 79
39 80
39 81
39 83
39 84
39 85
39 87
39 88
39 89
39 90
39 91
39 92
39 94
39 95
39 97
39 102
39 103
39 104
39 107
39 108
39 111
39 112
39 115
39 117
39 119
39 120
39 121
39 122
39 124
39 125
39 126
39 128
39 130
39 135
39 136
39 137
39 138
39 139
39 141
39 142
39 143
39 144
39 145
39 148
39 150
39 151
39 152
39 153
39 154
39 155
39 157
39 158
39 159
39 160
39 161
39 163
39 167
39 170
39 172
39 173
39 174
39 175
39 176
39 178
39 180
39 181
39 182
39 183
39 184
39 187
39 188
39 189
39 190
39 191
39 193
39 196
39 199
39 200
39 201
39 202
39 204
39 206
39 207
39 212
39 213
39 214
39 216
39 217
39 218
39 220
39 222
39 223
39 224
39 225
39 226
39 228
39 229
39 230
39 234
39 236
39 237
39 239
39 244
39 246
39 247
39 248
39 251
39 253
39 254
39 255
40 0
40 1
40 2
40 7
40 8
40 9
40 12
40 13
40 14
40 15
40 18
40 19
40 20
40 22
40 23
40 24
40 25
40 28
40 30
40 31
40 32
40 35
40 36
40 39
40 40
40 41
40 42
40 44
40 46
40 47
40 51
40 52
40 54
40 56
40 58
40 59
40 63
40 65
40 66
40 67
40 69
40 71
40 72
40 73
40 76
40 77
40 78
40 79
40 81
40 82
40 84
40 85
40 87
40 89
40 90
40 91
40 92
40 93
40 96
40 97
40 98
40 99
40 103
40 104
40 107
40 108
40 109
40 110
40 112
40 113
40 114
40 116
40 117
40 120
40 121
40 122
40 123
40 124
40 125
40 127
40 128
40 129
40 131
40 132
40 136
40 137
40 138
40 139
40 140
40 141
40 142
40 143
40 144
40 145
40 146
40 147
40 148
40 149
40 150
40 151
40 157
40 159
40 160
40 161
40 162
40 165
40 166
40 167
40 170
40 171
40 177
40 178
40 179
40 183
40 184
40 185
40 186
40 187
40 190
40 193
40 194
40 196
40 197
40 199
40 200
40 202
40 203
40 206
40 209
40 210
40 211
40 212
40 213
40 214
40 215
40 218
40 219
40 220
40 222
40 223
40 224
40 226
40 227
40 229
40 230
40 233
40 234
40 235
40 236
40 239
40 241
40 242
40 244
40 252
40 254
40 255
41 0
41 2
41 3
41 7
41 11
41 12
41 13
41 14
41 15
41 16
41 18
41 20
41 22
41 23
41 24
41 28
41 29
41 30
41 31
41 32
41 33
41 36
41 38
41 39
41 40
41 42
41 46
41 47
41 48
41 50
41 53
41 54
41 56
41 58
41 59
41 60
41 61
41 62
41 64
41 68
41 69
41 70
41 71
41 72
41 74
41 77
41 78
41 79
41 82
41 85
41 86
41 88
41 89
41 90
41 91
41 94
41 95
41 96
41 98
41 102
41 103
41 104
41 105
41 106
41 107
41 108
41 109
41 110
41 111
41 112
41 113
41 114
41 117
41 122
41 123
41 124
41 125
41 130
41 131
41 133
41 135
41 136
41 138
41 140
41 141
41 142
41 145
41 146
41 147
41 149
41 150
41 152
41 153
41 154
41 155
41 157
41 159
41 160
41 162
41 165
41 166
41 167
41 168
41 170
41 171
41 172
41 173
41 174
41 177
41 179
41 180
41 181
41 182
41 184
41 185
41 187
41 188
41 189
41 190
41 192
41 193
41 194
41 195
41 196
41 197
41 199
41 200
41 201
41 202
41 205
41 207
41 209
41 212
41 214
41 215
41 220
41 221
41 224
41 225
41 227
41 228
41 230
41 231
41 234
41 235
41 236
41 237
41 239
41 240
41 242
41 244
41 247
41 249
41 251
41 252
41 255
42 0
42 1
42 2
42 4
42 5
42 6
42 7
42 8
42 9
42 10
42 14
42 15
42 16
42 17
42 18
42 19
42 25
42 26
42 29
42 31
42 34
42 36
42 37
42 39
42 41
42 43
42 44
42 45
42 46
42 47
42 49
42 50
42 51
42 53
42 56
42 57
42 58
42 60
42 61
42 64
42 65
42 66
42 67
42 68
42 69
42 70
42 74
42 76
42 77
42 78
42 79
42 80
42 81
42 84
42 85
42 86
42 88
42 92
42 93
42 95
42 99
42 101
42 102
42 103
42 106
42 107
42 108
42 109
42 110
42 111
42 114
42 115
42 116
42 117
42 118
42 119
42 121
42 122
42 125
42 127
42 128
42 129
42 131
42 133
42 135
42 138
42 139
42 140
42 142
42 146
42 148
42 149
42 151
42 155
42 157
42 158
42 160
42 161
42 162
42 163
42 165
42 166
42 168
42 169
42 170
42 171
42 172
42 173
42 174
42 175
42 176
42 180
42 181
42 182
42 183
42 184
42 187
42 188
42 189
42 190
42 194
42 195
42 196
42 197
42 200
42 201
42 202
42 203
42 204
42 206
42 207
42 210
42 211
42 212
42 214
42 220
42 222
42 223
42 225
42 226
42 227
42 230
42 232
42 233
42 235
42 236
42 239
42 240
42 241
42 242
42 245
42 246
42 249
42 250
42 252
42 253
