3 2
3 3
3 4
3 8
3 10
3 14
3 20
3 22
3 23
3 29
3 30
3 33
3 39
3 40
3 43
3 44
3 47
3 52
3 55
3 59
3 62
3 66
3 76
3 80
3 83
3 84
3 85
3 90
3 93
3 95
3 96
3 100
3 103
3 104
3 110
3 116
3 121
3 125
3 129
3 130
3 133
3 135
3 144
3 148
3 149
3 153
3 155
3 156
3 157
3 158
3 162
3 164
3 167
3 170
3 171
3 174
3 179
3 181
3 182
3 183
3 185
3 190
3 191
3 192
3 194
3 195
3 196
3 197
3 202
3 204
3 205
3 207
3 214
3 216
3 219
3 221
3 224
3 225
3 228
3 232
3 233
3 234
3 236
3 239
3 247
3 249
3 250
3 251
3 253
3 255
4 4
4 5
4 6
4 9
4 10
4 12
4 14
4 17
4 18
4 19
4 23
4 25
4 26
4 29
4 30
4 31
4 33
4 34
4 40
4 41
4 42
4 43
4 46
4 49
4 53
4 57
4 59
4 62
4 65
4 68
4 70
4 72
4 73
4 81
4 84
4 86
4 87
4 89
4 90
4 92
4 96
4 99
4 102
4 104
4 107
4 109
4 111
4 112
4 113
4 114
4 115
4 120
4 131
4 132
4 133
4 142
4 146
4 147
4 149
4 151
4 159
4 163
4 164
4 166
4 167
4 168
4 170
4 173
4 179
4 181
4 188
4 190
4 197
4 199
4 202
4 205
4 211
4 213
4 215
4 219
4 221
4 226
4 228
4 230
4 231
4 232
4 239
4 246
4 247
4 253
5 0
5 5
5 6
5 9
5 11
5 15
5 21
5 23
5 25
5 26
5 27
5 33
5 40
5 41
5 46
5 48
5 50
5 52
5 54
5 65
5 66
5 68
5 69
5 73
5 74
5 78
5 82
5 88
5 94
5 99
5 100
5 102
5 106
5 108
5 111
5 112
5 114
5 115
5 116
5 117
5 121
5 125
5 128
5 137
5 138
5 140
5 141
5 144
5 151
5 152
5 154
5 156
5 157
5 159
5 162
5 165
5 166
5 171
5 175
5 181
5 182
5 186
5 187
5 188
5 189
5 190
5 192
5 195
5 196
5 197
5 200
5 213
5 216
5 217
5 218
5 219
5 220
5 223
5 224
5 226
5 228
5 234
5 242
5 244
5 246
5 247
5 248
5 250
5 253
5 255
6 2
6 7
6 8
6 11
6 15
6 18
6 19
6 22
6 23
6 24
6 26
6 28
6 30
6 31
6 33
6 34
6 37
6 41
6 42
6 44
6 48
6 53
6 62
6 63
6 65
6 66
6 69
6 71
6 72
6 76
6 77
6 81
6 84
6 86
6 87
6 93
6 96
6 98
6 101
6 103
6 105
6 106
6 110
6 113
6 114
6 115
6 122
6 133
6 134
6 144
6 148
6 149
6 150
6 151
6 153
6 155
6 158
6 159
6 161
6 162
6 163
6 164
6 167
6 173
6 174
6 175
6 176
6 180
6 181
6 185
6 196
6 197
6 198
6 205
6 206
6 207
6 210
6 212
6 225
6 231
6 234
6 238
6 239
6 240
6 241
6 248
6 251
6 252
6 253
6 254
7 0
7 3
7 6
7 15
7 18
7 20
7 23
7 24
7 25
7 31
7 34
7 35
7 37
7 40
7 42
7 53
7 58
7 63
7 65
7 66
7 67
7 69
7 73
7 76
7 79
7 82
7 87
7 91
7 92
7 94
7 95
7 96
7 98
7 99
7 100
7 103
7 106
7 107
7 108
7 109
7 112
7 113
7 116
7 117
7 118
7 124
7 127
7 131
7 138
7 140
7 144
7 145
7 149
7 151
7 152
7 158
7 159
7 161
7 163
7 164
7 165
7 167
7 176
7 183
7 185
7 186
7 189
7 191
7 200
7 205
7 207
7 208
7 211
7 212
7 217
7 218
7 221
7 225
7 226
7 228
7 229
7 230
7 231
7 232
7 234
7 240
7 243
7 244
7 246
7 253
8 3
8 4
8 5
8 7
8 9
8 11
8 14
8 23
8 24
8 26
8 27
8 29
8 30
8 33
8 34
8 35
8 44
8 48
8 49
8 50
8 52
8 56
8 57
8 61
8 62
8 63
8 66
8 67
8 68
8 70
8 75
8 78
8 88
8 92
8 94
8 95
8 96
8 99
8 104
8 108
8 112
8 113
8 117
8 118
8 119
8 126
8 127
8 128
8 136
8 137
8 138
8 139
8 142
8 144
8 145
8 146
8 148
8 149
8 150
8 154
8 155
8 156
8 159
8 160
8 166
8 173
8 174
8 181
8 183
8 187
8 188
8 198
8 205
8 207
8 208
8 214
8 216
8 218
8 221
8 223
8 224
8 226
8 227
8 230
8 231
8 232
8 238
8 240
8 248
8 252
9 1
9 4
9 5
9 6
9 8
9 9
9 14
9 15
9 16
9 29
9 30
9 32
9 33
9 38
9 42
9 49
9 50
9 52
9 53
9 59
9 61
9 64
9 65
9 69
9 70
9 72
9 81
9 83
9 93
9 94
9 95
9 96
9 98
9 103
9 104
9 108
9 113
9 115
9 116
9 119
9 123
9 124
9 125
9 126
9 127
9 129
9 134
9 139
9 148
9 151
9 154
9 156
9 158
9 159
9 162
9 163
9 165
9 166
9 168
9 171
9 175
9 182
9 183
9 189
9 190
9 193
9 198
9 199
9 205
9 208
9 210
9 211
9 212
9 213
9 214
9 217
9 220
9 223
9 224
9 229
9 238
9 240
9 241
9 244
9 247
9 248
9 251
9 252
9 254
9 255
10 7
10 17
10 21
10 22
10 25
10 29
10 32
10 34
10 35
10 37
10 41
10 43
10 48
10 51
10 52
10 53
10 54
10 55
10 56
10 59
10 60
10 61
10 62
10 68
10 70
10 72
10 75
10 76
10 78
10 81
10 82
10 89
10 97
10 101
10 103
10 104
10 105
10 107
10 108
10 111
10 114
10 117
10 118
10 119
10 120
10 125
10 126
10 129
10 131
10 132
10 133
10 134
10 137
10 138
10 139
10 143
10 146
10 147
10 152
10 155
10 159
10 160
10 163
10 169
10 176
10 177
10 179
10 185
10 190
10 192
10 193
10 194
10 195
10 196
10 197
10 202
10 207
10 208
10 212
10 217
10 221
10 228
10 231
10 235
10 238
10 239
10 244
10 248
10 249
10 253
11 9
11 12
11 14
11 16
11 17
11 18
11 21
11 25
11 28
11 29
11 31
11 35
11 37
11 42
11 43
11 44
11 45
11 46
11 49
11 50
11 51
11 54
11 57
11 59
11 60
11 61
11 62
11 64
11 65
11 67
11 68
11 70
11 71
11 72
11 73
11 74
11 75
11 76
11 79
11 81
11 82
11 84
11 87
11 90
11 91
11 92
11 96
11 99
11 104
11 106
11 115
11 117
11 132
11 139
11 144
11 146
11 147
11 153
11 154
11 157
11 160
11 164
11 166
11 167
11 176
11 181
11 187
11 190
11 195
11 200
11 201
11 206
11 209
11 213
11 215
11 216
11 223
11 224
11 225
11 227
11 228
11 230
11 231
11 241
11 243
11 248
11 249
11 252
11 253
11 254
12 1
12 2
12 3
12 4
12 9
12 10
12 13
12 18
12 19
12 27
12 31
12 41
12 42
12 46
12 50
12 51
12 54
12 55
12 56
12 57
12 60
12 61
12 62
12 65
12 66
12 69
12 71
12 72
12 73
12 78
12 79
12 81
12 85
12 94
12 95
12 98
12 101
12 103
12 105
12 112
12 113
12 114
12 118
12 121
12 123
12 130
12 147
12 148
12 149
12 150
12 152
12 158
12 160
12 170
12 174
12 179
12 180
12 182
12 183
12 187
12 189
12 190
12 191
12 195
12 197
12 201
12 203
12 206
12 207
12 208
12 212
12 214
12 215
12 216
12 217
12 218
12 219
12 224
12 225
12 226
12 234
12 238
12 240
12 243
12 245
12 246
12 249
12 250
12 253
12 254
13 1
13 5
13 6
13 7
13 8
13 17
13 21
13 25
13 26
13 27
13 28
13 31
13 36
13 37
13 39
13 42
13 45
13 46
13 50
13 51
13 53
13 54
13 56
13 58
13 65
13 66
13 67
13 68
13 69
13 70
13 71
13 73
13 78
13 80
13 83
13 88
13 90
13 92
13 105
13 106
13 110
13 112
13 113
13 114
13 118
13 124
13 125
13 128
13 132
13 137
13 140
13 147
13 149
13 151
13 155
13 161
13 163
13 168
13 171
13 176
13 178
13 186
13 187
13 188
13 196
13 197
13 202
13 203
13 208
13 209
13 211
13 212
13 213
13 216
13 218
13 221
13 226
13 227
13 229
13 231
13 232
13 233
13 234
13 241
13 242
13 243
13 244
13 250
13 251
13 253
14 12
14 13
14 14
14 17
14 19
14 23
14 26
14 30
14 31
14 32
14 34
14 36
14 37
14 40
14 41
14 43
14 44
14 46
14 48
14 57
14 62
14 63
14 65
14 68
14 69
14 71
14 72
14 77
14 80
14 82
14 85
14 86
14 87
14 88
14 90
14 96
14 103
14 105
14 109
14 113
14 115
14 116
14 117
14 121
14 137
14 140
14 141
14 142
14 143
14 148
14 151
14 152
14 155
14 157
14 159
14 160
14 163
14 165
14 166
14 168
14 170
14 172
14 174
14 175
14 176
14 177
14 186
14 192
14 193
14 194
14 195
14 200
14 203
14 207
14 208
14 209
14 212
14 213
14 217
14 218
14 219
14 221
14 222
14 232
14 233
14 237
14 241
14 249
14 253
14 254
15 0
15 3
15 13
15 16
15 21
15 23
15 29
15 30
15 32
15 35
15 41
15 44
15 47
15 50
15 52
15 58
15 61
15 67
15 68
15 70
15 73
15 76
15 78
15 79
15 80
15 81
15 84
15 100
15 103
15 106
15 111
15 113
15 117
15 118
15 119
15 120
15 122
15 124
15 125
15 131
15 132
15 137
15 138
15 141
15 144
15 146
15 149
15 155
15 159
15 160
15 162
15 164
15 166
15 168
15 170
15 171
15 174
15 175
15 181
15 182
15 183
15 184
15 185
15 191
15 195
15 196
15 197
15 198
15 200
15 206
15 207
15 208
15 211
15 212
15 215
15 216
15 219
15 220
15 225
15 227
15 229
15 230
15 231
15 232
15 236
15 241
15 243
15 247
15 252
15 254
16 1
16 4
16 5
16 7
16 9
16 20
16 21
16 22
16 23
16 28
16 32
16 34
16 36
16 38
16 39
16 44
16 47
16 59
16 60
16 67
16 68
16 69
16 70
16 73
16 75
16 80
16 86
16 87
16 88
16 90
16 91
16 92
16 93
16 98
16 101
16 106
16 107
16 108
16 109
16 110
16 113
16 114
16 119
16 121
16 122
16 125
16 126
16 131
16 133
16 134
16 135
16 136
16 138
16 140
16 143
16 146
16 148
16 150
16 154
16 162
16 164
16 165
16 167
16 174
16 178
16 186
16 196
16 198
16 202
16 204
16 207
16 211
16 212
16 213
16 216
16 217
16 219
16 223
16 224
16 225
16 232
16 236
16 237
16 241
16 242
16 246
16 247
16 248
16 251
16 252
17 7
17 9
17 10
17 12
17 13
17 14
17 15
17 19
17 20
17 24
17 30
17 31
17 32
17 34
17 37
17 39
17 40
17 45
17 46
17 48
17 49
17 52
17 55
17 56
17 58
17 59
17 60
17 62
17 63
17 64
17 67
17 70
17 73
17 74
17 78
17 79
17 82
17 84
17 85
17 89
17 90
17 91
17 94
17 96
17 100
17 112
17 117
17 118
17 119
17 124
17 128
17 130
17 132
17 134
17 139
17 142
17 145
17 149
17 159
17 160
17 162
17 165
17 166
17 174
17 175
17 180
17 183
17 184
17 191
17 192
17 196
17 197
17 199
17 205
17 206
17 207
17 215
17 218
17 221
17 224
17 227
17 229
17 230
17 232
17 233
17 245
17 247
17 251
17 253
17 255
18 0
18 1
18 3
18 4
18 10
18 15
18 16
18 17
18 23
18 24
18 27
18 30
18 35
18 40
18 41
18 44
18 50
18 53
18 55
18 61
18 65
18 70
18 72
18 73
18 75
18 78
18 81
18 82
18 84
18 87
18 93
18 98
18 101
18 103
18 104
18 106
18 107
18 108
18 112
18 114
18 115
18 118
18 119
18 120
18 121
18 122
18 123
18 125
18 126
18 128
18 130
18 134
18 135
18 136
18 138
18 140
18 142
18 143
18 144
18 146
18 147
18 155
18 159
18 165
18 172
18 176
18 178
18 184
18 189
18 196
18 198
18 200
18 201
18 203
18 204
18 212
18 217
18 220
18 224
18 229
18 231
18 233
18 236
18 237
18 241
18 242
18 243
18 244
18 245
18 250
19 0
19 3
19 5
19 15
19 16
19 18
19 21
19 22
19 24
19 26
19 32
19 34
19 35
19 36
19 39
19 48
19 53
19 56
19 57
19 61
19 63
19 66
19 71
19 72
19 76
19 77
19 78
19 79
19 82
19 83
19 87
19 92
19 93
19 95
19 98
19 102
19 103
19 107
19 109
19 123
19 125
19 129
19 132
19 135
19 139
19 143
19 144
19 145
19 146
19 149
19 154
19 155
19 156
19 157
19 158
19 159
19 161
19 162
19 166
19 169
19 178
19 185
19 188
19 189
19 191
19 193
19 194
19 197
19 198
19 199
19 206
19 209
19 211
19 212
19 217
19 220
19 223
19 225
19 227
19 228
19 230
19 231
19 232
19 233
19 237
19 238
19 239
19 240
19 241
19 248
20 2
20 5
20 6
20 11
20 13
20 16
20 17
20 18
20 20
20 33
20 38
20 41
20 44
20 46
20 49
20 50
20 51
20 52
20 54
20 56
20 58
20 62
20 64
20 78
20 80
20 81
20 84
20 87
20 89
20 90
20 92
20 95
20 98
20 102
20 105
20 112
20 113
20 115
20 117
20 118
20 119
20 120
20 121
20 123
20 128
20 134
20 135
20 138
20 139
20 150
20 151
20 160
20 161
20 164
20 166
20 169
20 171
20 172
20 173
20 179
20 183
20 185
20 186
20 188
20 192
20 194
20 195
20 196
20 198
20 204
20 206
20 209
20 212
20 214
20 221
20 222
20 224
20 226
20 231
20 232
20 234
20 236
20 238
20 239
20 242
20 243
20 246
20 248
20 249
20 251
21 0
21 2
21 3
21 4
21 12
21 20
21 22
21 25
21 26
21 27
21 29
21 30
21 31
21 39
21 41
21 51
21 53
21 54
21 57
21 58
21 60
21 66
21 67
21 74
21 75
21 78
21 79
21 87
21 90
21 91
21 92
21 94
21 95
21 97
21 100
21 102
21 103
21 104
21 114
21 115
21 116
21 117
21 119
21 121
21 126
21 134
21 139
21 144
21 148
21 149
21 150
21 153
21 156
21 159
21 162
21 164
21 165
21 166
21 167
21 169
21 170
21 171
21 174
21 178
21 181
21 187
21 191
21 193
21 196
21 197
21 198
21 206
21 208
21 209
21 218
21 220
21 225
21 228
21 232
21 233
21 236
21 239
21 240
21 242
21 244
21 245
21 249
21 252
21 253
21 255
22 4
22 5
22 7
22 8
22 12
22 13
22 17
22 20
22 27
22 29
22 32
22 34
22 38
22 41
22 42
22 45
22 47
22 49
22 55
22 58
22 60
22 62
22 67
22 69
22 73
22 76
22 77
22 83
22 84
22 88
22 92
22 97
22 99
22 101
22 111
22 114
22 115
22 116
22 121
22 123
22 124
22 126
22 127
22 129
22 131
22 136
22 140
22 144
22 145
22 152
22 154
22 158
22 161
22 164
22 165
22 167
22 168
22 169
22 171
22 175
22 176
22 177
22 178
22 179
22 180
22 183
22 184
22 186
22 187
22 188
22 190
22 203
22 204
22 209
22 214
22 216
22 217
22 218
22 221
22 225
22 226
22 229
22 234
22 237
22 240
22 243
22 245
22 247
22 249
22 250
23 9
23 12
23 16
23 18
23 20
23 22
23 26
23 29
23 30
23 31
23 33
23 34
23 40
23 41
23 46
23 47
23 53
23 59
23 66
23 71
23 75
23 77
23 78
23 79
23 83
23 87
23 89
23 90
23 91
23 92
23 99
23 102
23 103
23 106
23 108
23 110
23 112
23 113
23 116
23 117
23 120
23 123
23 124
23 127
23 129
23 136
23 137
23 138
23 139
23 140
23 146
23 147
23 149
23 150
23 154
23 158
23 166
23 169
23 172
23 174
23 175
23 176
23 178
23 183
23 188
23 191
23 194
23 198
23 200
23 201
23 202
23 203
23 206
23 207
23 209
23 210
23 214
23 215
23 222
23 224
23 226
23 229
23 233
23 234
23 235
23 237
23 238
23 242
23 250
23 255
24 2
24 3
24 4
24 8
24 10
24 12
24 13
24 17
24 18
24 25
24 26
24 31
24 32
24 43
24 44
24 47
24 49
24 50
24 52
24 53
24 55
24 64
24 74
24 80
24 82
24 85
24 88
24 89
24 90
24 94
24 95
24 96
24 97
24 100
24 102
24 103
24 108
24 109
24 111
24 113
24 117
24 122
24 126
24 131
24 136
24 144
24 145
24 148
24 149
24 150
24 158
24 163
24 165
24 168
24 169
24 170
24 178
24 185
24 187
24 191
24 192
24 196
24 198
24 199
24 201
24 203
24 206
24 207
24 210
24 211
24 213
24 215
24 219
24 226
24 229
24 230
24 231
24 232
24 234
24 235
24 237
24 239
24 240
24 241
24 246
24 247
24 249
24 250
24 252
24 254
25 1
25 3
25 12
25 19
25 21
25 25
25 27
25 28
25 35
25 38
25 41
25 42
25 45
25 47
25 48
25 49
25 50
25 56
25 58
25 59
25 62
25 63
25 71
25 75
25 79
25 87
25 89
25 94
25 96
25 97
25 98
25 99
25 101
25 106
25 107
25 109
25 110
25 116
25 117
25 119
25 123
25 124
25 125
25 127
25 130
25 132
25 133
25 137
25 138
25 145
25 146
25 147
25 155
25 158
25 160
25 161
25 163
25 164
25 165
25 170
25 175
25 179
25 180
25 181
25 182
25 187
25 188
25 191
25 193
25 194
25 196
25 198
25 202
25 208
25 210
25 213
25 214
25 217
25 222
25 223
25 224
25 225
25 229
25 231
25 235
25 237
25 238
25 245
25 246
25 248
26 2
26 4
26 7
26 9
26 13
26 15
26 16
26 21
26 25
26 27
26 30
26 33
26 36
26 40
26 41
26 42
26 43
26 44
26 45
26 46
26 51
26 54
26 57
26 59
26 60
26 65
26 69
26 70
26 74
26 75
26 81
26 82
26 83
26 84
26 85
26 89
26 94
26 99
26 101
26 104
26 105
26 106
26 107
26 108
26 109
26 114
26 120
26 122
26 123
26 124
26 134
26 137
26 139
26 140
26 143
26 144
26 145
26 146
26 147
26 151
26 154
26 155
26 157
26 161
26 165
26 177
26 178
26 180
26 181
26 182
26 185
26 199
26 200
26 204
26 207
26 212
26 220
26 222
26 224
26 225
26 231
26 234
26 237
26 241
26 242
26 244
26 245
26 246
26 248
26 252
27 0
27 3
27 4
27 5
27 7
27 8
27 11
27 13
27 17
27 19
27 22
27 23
27 27
27 29
27 30
27 31
27 40
27 42
27 44
27 45
27 46
27 48
27 55
27 57
27 58
27 70
27 71
27 74
27 78
27 83
27 84
27 86
27 90
27 91
27 97
27 107
27 108
27 110
27 111
27 112
27 113
27 115
27 120
27 121
27 124
27 127
27 128
27 129
27 134
27 138
27 142
27 147
27 159
27 161
27 162
27 164
27 165
27 167
27 169
27 171
27 173
27 177
27 179
27 180
27 182
27 183
27 186
27 187
27 190
27 200
27 207
27 208
27 209
27 211
27 212
27 213
27 215
27 216
27 220
27 223
27 226
27 236
27 237
27 238
27 239
27 241
27 250
27 251
27 253
27 255
28 0
28 2
28 11
28 13
28 15
28 26
28 30
28 31
28 33
28 36
28 39
28 40
28 43
28 44
28 49
28 50
28 54
28 55
28 62
28 63
28 65
28 67
28 70
28 73
28 74
28 75
28 76
28 79
28 82
28 89
28 92
28 98
28 100
28 105
28 108
28 110
28 113
28 116
28 117
28 123
28 124
28 125
28 128
28 129
28 134
28 135
28 136
28 139
28 140
28 141
28 143
28 145
28 146
28 147
28 148
28 153
28 155
28 159
28 161
28 162
28 168
28 171
28 172
28 173
28 175
28 177
28 183
28 184
28 185
28 187
28 191
28 195
28 201
28 203
28 205
28 206
28 210
28 212
28 215
28 216
28 219
28 221
28 223
28 228
28 233
28 236
28 238
28 248
28 249
28 254
29 2
29 5
29 6
29 13
29 14
29 15
29 20
29 21
29 22
29 23
29 26
29 27
29 32
29 33
29 35
29 37
29 41
29 42
29 45
29 46
29 50
29 52
29 53
29 58
29 59
29 62
29 64
29 65
29 67
29 69
29 71
29 72
29 89
29 90
29 92
29 94
29 99
29 102
29 103
29 108
29 109
29 113
29 114
29 115
29 116
29 118
29 120
29 122
29 124
29 127
29 128
29 131
29 133
29 137
29 144
29 149
29 150
29 151
29 155
29 162
29 163
29 164
29 167
29 168
29 176
29 179
29 182
29 183
29 186
29 187
29 191
29 195
29 198
29 199
29 203
29 209
29 210
29 214
29 218
29 222
29 223
29 225
29 227
29 229
29 234
29 240
29 246
29 248
29 254
29 255
30 1
30 4
30 8
30 10
30 11
30 14
30 15
30 16
30 18
30 24
30 25
30 29
30 31
30 34
30 35
30 45
30 46
30 47
30 50
30 55
30 65
30 68
30 69
30 70
30 71
30 75
30 81
30 86
30 90
30 92
30 93
30 95
30 96
30 97
30 99
30 102
30 106
30 107
30 108
30 112
30 113
30 114
30 120
30 121
30 122
30 127
30 130
30 136
30 139
30 140
30 144
30 156
30 159
30 160
30 162
30 165
30 168
30 169
30 170
30 173
30 175
30 176
30 185
30 186
30 187
30 188
30 189
30 194
30 195
30 196
30 197
30 198
30 200
30 204
30 214
30 215
30 216
30 217
30 219
30 226
30 228
30 230
30 231
30 239
30 240
30 241
30 242
30 243
30 250
30 254
31 1
31 2
31 3
31 5
31 6
31 8
31 9
31 10
31 12
31 15
31 23
31 26
31 29
31 31
31 36
31 37
31 38
31 41
31 47
31 52
31 53
31 55
31 56
31 58
31 61
31 62
31 63
31 66
31 67
31 69
31 71
31 72
31 76
31 79
31 80
31 81
31 95
31 98
31 101
31 112
31 114
31 116
31 117
31 119
31 122
31 123
31 125
31 126
31 128
31 130
31 131
31 146
31 149
31 150
31 154
31 155
31 161
31 162
31 163
31 167
31 171
31 172
31 180
31 187
31 193
31 195
31 201
31 204
31 205
31 211
31 214
31 217
31 218
31 219
31 224
31 225
31 226
31 228
31 230
31 231
31 235
31 236
31 237
31 238
31 239
31 242
31 246
31 252
31 253
31 255
32 0
32 1
32 3
32 4
32 9
32 13
32 14
32 16
32 18
32 19
32 20
32 31
32 32
32 34
32 38
32 41
32 42
32 44
32 48
32 50
32 54
32 59
32 60
32 63
32 64
32 67
32 69
32 71
32 73
32 76
32 85
32 86
32 90
32 91
32 96
32 97
32 98
32 100
32 103
32 104
32 105
32 108
32 110
32 114
32 115
32 119
32 123
32 124
32 126
32 129
32 132
32 137
32 139
32 146
32 148
32 150
32 156
32 157
32 162
32 163
32 172
32 176
32 179
32 186
32 187
32 188
32 200
32 201
32 202
32 206
32 207
32 209
32 210
32 211
32 216
32 217
32 218
32 222
32 223
32 226
32 228
32 231
32 233
32 238
32 241
32 245
32 247
32 252
32 253
32 254
33 0
33 4
33 6
33 7
33 9
33 10
33 13
33 17
33 18
33 23
33 27
33 29
33 35
33 37
33 40
33 43
33 44
33 45
33 46
33 48
33 52
33 56
33 66
33 69
33 70
33 76
33 78
33 79
33 81
33 82
33 83
33 85
33 86
33 89
33 90
33 95
33 97
33 99
33 100
33 101
33 102
33 103
33 105
33 108
33 109
33 114
33 118
33 122
33 125
33 126
33 131
33 133
33 134
33 135
33 136
33 137
33 140
33 146
33 150
33 164
33 169
33 170
33 173
33 177
33 178
33 179
33 180
33 183
33 187
33 188
33 191
33 197
33 199
33 200
33 202
33 204
33 205
33 207
33 210
33 214
33 218
33 229
33 230
33 234
33 236
33 240
33 243
33 245
33 248
33 255
34 4
34 7
34 9
34 12
34 23
34 26
34 28
34 29
34 35
34 36
34 37
34 40
34 41
34 43
34 46
34 47
34 50
34 52
34 54
34 55
34 59
34 61
34 62
34 64
34 71
34 78
34 79
34 82
34 86
34 88
34 89
34 91
34 95
34 96
34 97
34 101
34 104
34 105
34 109
34 114
34 115
34 118
34 122
34 125
34 126
34 128
34 134
34 135
34 138
34 139
34 144
34 145
34 146
34 149
34 155
34 156
34 157
34 159
34 165
34 166
34 168
34 174
34 178
34 182
34 184
34 187
34 189
34 190
34 194
34 199
34 205
34 207
34 208
34 210
34 216
34 217
34 221
34 223
34 228
34 229
34 230
34 232
34 239
34 242
34 244
34 246
34 248
34 252
34 254
34 255
35 2
35 3
35 5
35 6
35 7
35 10
35 11
35 21
35 23
35 26
35 33
35 40
35 44
35 45
35 46
35 48
35 50
35 52
35 58
35 62
35 70
35 71
35 72
35 77
35 83
35 85
35 86
35 90
35 94
35 101
35 104
35 108
35 110
35 112
35 113
35 116
35 117
35 119
35 124
35 127
35 128
35 129
35 134
35 137
35 139
35 140
35 145
35 146
35 147
35 148
35 149
35 150
35 153
35 154
35 155
35 158
35 160
35 164
35 165
35 169
35 173
35 177
35 178
35 181
35 183
35 184
35 187
35 188
35 190
35 192
35 195
35 197
35 198
35 200
35 201
35 204
35 205
35 206
35 213
35 220
35 229
35 231
35 240
35 242
35 245
35 246
35 249
35 250
35 251
35 255
36 0
36 1
36 2
36 6
36 7
36 12
36 14
36 15
36 23
36 26
36 29
36 31
36 32
36 33
36 37
36 40
36 42
36 45
36 46
36 48
36 52
36 53
36 56
36 60
36 61
36 62
36 63
36 64
36 71
36 75
36 80
36 88
36 95
36 98
36 100
36 102
36 108
36 109
36 110
36 112
36 113
36 114
36 118
36 119
36 120
36 133
36 141
36 148
36 151
36 152
36 154
36 157
36 161
36 163
36 164
36 168
36 169
36 170
36 177
36 180
36 181
36 183
36 185
36 188
36 191
36 192
36 193
36 195
36 200
36 201
36 202
36 205
36 207
36 210
36 213
36 214
36 217
36 223
36 227
36 229
36 230
36 237
36 242
36 243
36 246
36 247
36 250
36 252
36 253
36 254
37 10
37 11
37 14
37 16
37 18
37 19
37 20
37 21
37 23
37 25
37 28
37 32
37 33
37 34
37 36
37 39
37 46
37 51
37 53
37 54
37 57
37 59
37 60
37 61
37 68
37 75
37 80
37 83
37 85
37 87
37 88
37 91
37 92
37 93
37 95
37 96
37 102
37 103
37 104
37 105
37 107
37 110
37 123
37 129
37 130
37 135
37 136
37 140
37 141
37 145
37 146
37 148
37 149
37 150
37 153
37 156
37 162
37 164
37 165
37 167
37 171
37 174
37 177
37 180
37 182
37 183
37 184
37 185
37 186
37 188
37 189
37 190
37 192
37 194
37 195
37 217
37 218
37 219
37 220
37 225
37 229
37 231
37 235
37 238
37 239
37 245
37 247
37 248
37 253
37 255
38 0
38 4
38 6
38 8
38 9
38 13
38 15
38 17
38 21
38 22
38 23
38 24
38 27
38 33
38 36
38 43
38 44
38 46
38 49
38 55
38 56
38 61
38 66
38 68
38 71
38 77
38 79
38 80
38 81
38 82
38 88
38 90
38 92
38 93
38 96
38 97
38 101
38 103
38 105
38 106
38 109
38 111
38 113
38 116
38 119
38 120
38 121
38 122
38 132
38 134
38 140
38 142
38 146
38 151
38 158
38 163
38 166
38 167
38 172
38 176
38 178
38 180
38 182
38 189
38 191
38 192
38 194
38 195
38 196
38 198
38 200
38 201
38 204
38 207
38 209
38 211
38 219
38 220
38 223
38 224
38 225
38 232
38 233
38 235
38 237
38 241
38 246
38 251
38 252
38 255
39 0
39 2
39 7
39 8
39 9
39 10
39 12
39 14
39 15
39 16
39 17
39 20
39 21
39 27
39 28
39 39
39 43
39 44
39 45
39 46
39 47
39 51
39 52
39 53
39 60
39 68
39 69
39 77
39 78
39 80
39 81
39 83
39 88
39 89
39 90
39 92
39 94
39 97
39 102
39 103
39 104
39 106
39 107
39 108
39 120
39 121
39 122
39 126
39 128
39 130
39 136
39 141
39 143
39 144
39 145
39 148
39 152
39 153
39 154
39 155
39 159
39 160
39 163
39 166
39 167
39 170
39 173
39 174
39 180
39 182
39 183
39 189
39 191
39 196
39 199
39 212
39 213
39 214
39 215
39 218
39 222
39 225
39 236
39 237
39 246
39 247
39 251
39 253
39 254
39 255
40 2
40 9
40 12
40 13
40 14
40 18
40 20
40 24
40 30
40 31
40 35
40 38
40 40
40 44
40 51
40 54
40 56
40 58
40 59
40 63
40 64
40 65
40 66
40 73
40 77
40 78
40 79
40 82
40 85
40 87
40 89
40 90
40 91
40 103
40 111
40 120
40 121
40 122
40 123
40 126
40 128
40 131
40 132
40 136
40 137
40 138
40 139
40 140
40 142
40 143
40 145
40 148
40 149
40 160
40 161
40 164
40 166
40 170
40 171
40 179
40 183
40 184
40 185
40 194
40 196
40 197
40 200
40 202
40 203
40 207
40 208
40 209
40 210
40 211
40 212
40 213
40 214
40 215
40 218
40 219
40 223
40 224
40 227
40 229
40 234
40 236
40 241
40 242
40 254
40 255
41 0
41 7
41 11
41 12
41 14
41 15
41 18
41 22
41 24
41 28
41 29
41 30
41 31
41 32
41 33
41 38
41 39
41 46
41 48
41 53
41 54
41 58
41 62
41 64
41 67
41 68
41 69
41 71
41 72
41 74
41 82
41 86
41 90
41 91
41 95
41 103
41 106
41 107
41 108
41 109
41 110
41 114
41 122
41 125
41 130
41 131
41 135
41 136
41 140
41 141
41 142
41 146
41 147
41 150
41 154
41 168
41 171
41 173
41 177
41 180
41 181
41 184
41 185
41 186
41 187
41 188
41 192
41 193
41 196
41 197
41 201
41 207
41 209
41 215
41 218
41 220
41 224
41 225
41 228
41 230
41 231
41 234
41 236
41 237
41 242
41 243
41 244
41 251
41 252
41 255
42 1
42 2
42 4
42 5
42 10
42 14
42 16
42 17
42 18
42 19
42 23
42 31
42 34
42 36
42 39
42 41
42 43
42 45
42 47
42 50
42 51
42 56
42 57
42 58
42 60
42 63
42 65
42 69
42 76
42 78
42 79
42 85
42 88
42 91
42 93
42 95
42 98
42 99
42 101
42 102
42 108
42 109
42 110
42 116
42 117
42 119
42 121
42 122
42 125
42 128
42 138
42 139
42 140
42 142
42 148
42 149
42 157
42 158
42 161
42 162
42 163
42 166
42 170
42 171
42 172
42 173
42 175
42 182
42 183
42 187
42 196
42 197
42 201
42 202
42 204
42 206
42 211
42 220
42 223
42 224
42 230
42 232
42 233
42 235
42 236
42 239
42 241
42 245
42 246
42 253
