3 2
3 8
3 14
3 22
3 29
3 30
3 33
3 39
3 40
3 44
3 47
3 55
3 59
3 76
3 85
3 95
3 96
3 103
3 110
3 125
3 158
3 162
3 164
3 167
3 170
3 181
3 183
3 190
3 191
3 196
3 197
3 202
3 205
3 216
3 219
3 225
3 228
3 251
4 6
4 12
4 14
4 17
4 23
4 26
4 31
4 41
4 42
4 49
4 57
4 59
4 72
4 89
4 90
4 92
4 107
4 109
4 111
4 133
4 142
4 149
4 151
4 167
4 173
4 181
4 188
4 190
4 197
4 202
4 205
4 211
4 219
4 221
4 226
4 239
4 246
4 253
5 5
5 6
5 25
5 46
5 50
5 54
5 66
5 69
5 78
5 82
5 88
5 99
5 100
5 114
5 116
5 121
5 125
5 128
5 138
5 140
5 144
5 151
5 154
5 157
5 162
5 165
5 182
5 187
5 188
5 190
5 196
5 200
5 219
5 223
5 247
5 248
5 250
5 255
6 2
6 7
6 8
6 24
6 26
6 31
6 34
6 37
6 41
6 44
6 48
6 53
6 63
6 72
6 77
6 81
6 86
6 105
6 113
6 115
6 122
6 148
6 149
6 150
6 153
6 155
6 158
6 159
6 163
6 167
6 173
6 176
6 180
6 185
6 198
6 240
6 251
6 252
7 3
7 20
7 42
7 58
7 69
7 82
7 92
7 94
7 95
7 99
7 106
7 109
7 116
7 118
7 124
7 127
7 131
7 144
7 151
7 152
7 158
7 159
7 161
7 164
7 165
7 167
7 186
7 191
7 200
7 205
7 207
7 218
7 221
7 225
7 228
7 230
7 231
7 243
8 5
8 9
8 11
8 14
8 26
8 30
8 48
8 49
8 50
8 62
8 68
8 70
8 75
8 88
8 92
8 94
8 104
8 112
8 117
8 119
8 127
8 137
8 139
8 145
8 149
8 160
8 166
8 173
8 174
8 181
8 188
8 207
8 221
8 224
8 226
8 227
8 240
8 252
9 8
9 9
9 15
9 30
9 33
9 38
9 52
9 53
9 64
9 72
9 96
9 98
9 103
9 104
9 115
9 116
9 119
9 139
9 154
9 156
9 158
9 163
9 168
9 175
9 183
9 190
9 198
9 199
9 208
9 210
9 211
9 223
9 224
9 238
9 241
9 244
9 247
9 252
10 17
10 43
10 48
10 51
10 52
10 56
10 61
10 62
10 76
10 97
10 101
10 103
10 104
10 117
10 131
10 137
10 139
10 143
10 146
10 152
10 155
10 159
10 160
10 169
10 176
10 177
10 190
10 193
10 194
10 195
10 212
10 217
10 231
10 238
10 239
10 244
10 248
10 249
11 9
11 14
11 17
11 25
11 28
11 31
11 37
11 43
11 49
11 50
11 57
11 64
11 65
11 71
11 72
11 75
11 76
11 90
11 91
11 106
11 153
11 154
11 164
11 167
11 181
11 195
11 206
11 213
11 216
11 224
11 225
11 227
11 228
11 243
11 248
11 252
11 253
11 254
12 1
12 3
12 4
12 13
12 18
12 27
12 41
12 42
12 46
12 50
12 57
12 65
12 69
12 72
12 73
12 98
12 101
12 118
12 130
12 150
12 152
12 160
12 174
12 179
12 180
12 182
12 187
12 201
12 207
12 208
12 212
12 218
12 219
12 225
12 226
12 234
12 253
12 254
13 5
13 8
13 21
13 27
13 31
13 37
13 42
13 45
13 50
13 56
13 69
13 70
13 78
13 83
13 88
13 90
13 106
13 112
13 113
13 114
13 128
13 137
13 140
13 147
13 151
13 155
13 163
13 168
13 188
13 196
13 216
13 218
13 221
13 227
13 229
13 234
13 243
13 251
14 23
14 26
14 30
14 32
14 34
14 37
14 40
14 41
14 44
14 48
14 68
14 80
14 96
14 105
14 115
14 117
14 140
14 142
14 148
14 155
14 157
14 159
14 160
14 163
14 170
14 172
14 174
14 186
14 193
14 203
14 207
14 213
14 217
14 219
14 221
14 232
14 237
14 254
15 0
15 3
15 16
15 41
15 44
15 47
15 52
15 58
15 61
15 67
15 68
15 70
15 81
15 100
15 111
15 120
15 122
15 124
15 125
15 138
15 144
15 155
15 175
15 181
15 182
15 195
15 206
15 207
15 208
15 211
15 212
15 219
15 227
15 230
15 231
15 236
15 243
15 252
16 1
16 7
16 21
16 36
16 44
16 59
16 60
16 70
16 73
16 75
16 80
16 86
16 90
16 91
16 92
16 93
16 101
16 106
16 108
16 114
16 121
16 134
16 136
16 140
16 143
16 146
16 148
16 154
16 162
16 213
16 217
16 219
16 232
16 236
16 241
16 242
16 248
16 251
17 7
17 10
17 12
17 13
17 15
17 19
17 30
17 34
17 37
17 39
17 40
17 56
17 59
17 62
17 64
17 73
17 89
17 91
17 94
17 100
17 112
17 118
17 130
17 132
17 139
17 159
17 160
17 174
17 175
17 184
17 191
17 196
17 199
17 206
17 221
17 227
17 229
17 233
18 3
18 10
18 16
18 17
18 24
18 41
18 44
18 50
18 61
18 70
18 78
18 81
18 82
18 93
18 104
18 114
18 115
18 120
18 122
18 123
18 136
18 138
18 144
18 146
18 155
18 159
18 165
18 189
18 196
18 198
18 203
18 220
18 229
18 231
18 237
18 241
18 245
18 250
19 0
19 5
19 15
19 16
19 21
19 34
19 71
19 72
19 76
19 78
19 79
19 95
19 103
19 109
19 125
19 132
19 135
19 143
19 144
19 145
19 156
19 157
19 161
19 162
19 169
19 188
19 191
19 194
19 197
19 198
19 199
19 206
19 212
19 230
19 237
19 238
19 239
19 241
20 2
20 5
20 11
20 20
20 33
20 41
20 52
20 54
20 56
20 62
20 80
20 81
20 84
20 87
20 90
20 98
20 113
20 119
20 123
20 128
20 138
20 150
20 169
20 173
20 179
20 195
20 196
20 198
20 204
20 206
20 214
20 221
20 222
20 224
20 231
20 234
20 236
20 248
21 3
21 4
21 22
21 31
21 51
21 53
21 57
21 58
21 87
21 90
21 92
21 95
21 100
21 103
21 104
21 117
21 119
21 149
21 153
21 159
21 162
21 164
21 166
21 171
21 174
21 181
21 191
21 196
21 206
21 208
21 209
21 225
21 232
21 233
21 242
21 249
21 253
21 255
22 4
22 8
22 13
22 27
22 32
22 41
22 42
22 47
22 49
22 58
22 62
22 69
22 77
22 88
22 92
22 101
22 116
22 121
22 123
22 124
22 129
22 165
22 167
22 168
22 169
22 176
22 178
22 179
22 184
22 186
22 190
22 204
22 209
22 218
22 234
22 243
22 245
22 247
23 9
23 22
23 34
23 41
23 53
23 59
23 66
23 77
23 79
23 83
23 87
23 91
23 106
23 110
23 112
23 113
23 116
23 117
23 136
23 137
23 139
23 146
23 149
23 150
23 169
23 178
23 183
23 188
23 200
23 201
23 202
23 215
23 222
23 224
23 226
23 229
23 234
23 238
24 8
24 10
24 25
24 26
24 31
24 32
24 49
24 50
24 53
24 64
24 80
24 82
24 85
24 95
24 97
24 108
24 117
24 131
24 136
24 144
24 149
24 163
24 165
24 169
24 170
24 178
24 192
24 199
24 201
24 206
24 213
24 215
24 219
24 226
24 235
24 237
24 252
24 254
25 3
25 12
25 19
25 25
25 27
25 28
25 35
25 42
25 45
25 47
25 56
25 59
25 87
25 98
25 107
25 109
25 110
25 123
25 125
25 132
25 138
25 145
25 155
25 160
25 161
25 164
25 170
25 179
25 187
25 188
25 196
25 202
25 213
25 224
25 225
25 238
25 245
25 248
26 2
26 13
26 16
26 21
26 27
26 30
26 40
26 42
26 43
26 57
26 59
26 60
26 74
26 75
26 84
26 85
26 104
26 105
26 107
26 114
26 124
26 134
26 137
26 144
26 147
26 154
26 180
26 181
26 182
26 199
26 200
26 212
26 220
26 241
26 244
26 246
26 248
26 252
27 8
27 13
27 17
27 19
27 29
27 30
27 44
27 45
27 46
27 55
27 70
27 71
27 74
27 90
27 91
27 97
27 110
27 112
27 120
27 121
27 159
27 161
27 171
27 180
27 183
27 186
27 190
27 200
27 207
27 208
27 212
27 215
27 216
27 220
27 223
27 226
27 241
27 251
28 15
28 30
28 33
28 39
28 40
28 50
28 54
28 62
28 73
28 74
28 75
28 79
28 98
28 105
28 116
28 123
28 125
28 128
28 140
28 141
28 143
28 145
28 153
28 159
28 168
28 172
28 184
28 185
28 191
28 195
28 203
28 205
28 206
28 210
28 212
28 219
28 223
28 236
29 13
29 15
29 21
29 22
29 26
29 27
29 33
29 37
29 42
29 64
29 65
29 67
29 69
29 72
29 90
29 92
29 99
29 102
29 113
29 133
29 137
29 144
29 150
29 151
29 163
29 164
29 167
29 168
29 179
29 186
29 198
29 209
29 210
29 218
29 225
29 229
29 248
29 254
30 1
30 10
30 15
30 34
30 35
30 47
30 50
30 65
30 68
30 71
30 75
30 81
30 86
30 95
30 102
30 106
30 112
30 122
30 127
30 139
30 140
30 144
30 159
30 165
30 175
30 185
30 186
30 188
30 194
30 195
30 197
30 198
30 204
30 215
30 217
30 219
30 239
30 241
31 3
31 5
31 8
31 9
31 10
31 23
31 26
31 29
31 31
31 37
31 61
31 63
31 67
31 79
31 81
31 95
31 112
31 116
31 117
31 119
31 146
31 149
31 150
31 154
31 161
31 167
31 172
31 187
31 193
31 201
31 204
31 205
31 211
31 217
31 225
31 228
31 236
31 246
32 1
32 13
32 16
32 18
32 34
32 38
32 42
32 60
32 63
32 64
32 67
32 73
32 85
32 86
32 91
32 97
32 103
32 104
32 108
32 110
32 132
32 137
32 139
32 148
32 156
32 163
32 172
32 179
32 187
32 200
32 201
32 202
32 206
32 207
32 217
32 218
32 228
32 247
33 17
33 27
33 37
33 40
33 44
33 46
33 48
33 52
33 70
33 76
33 78
33 83
33 97
33 99
33 100
33 101
33 102
33 103
33 105
33 108
33 118
33 125
33 133
33 137
33 140
33 169
33 178
33 179
33 183
33 188
33 197
33 204
33 205
33 210
33 236
33 240
33 243
33 245
34 4
34 9
34 12
34 23
34 46
34 50
34 52
34 55
34 59
34 62
34 79
34 86
34 101
34 105
34 114
34 125
34 128
34 135
34 138
34 139
34 146
34 156
34 165
34 166
34 168
34 174
34 182
34 189
34 199
34 205
34 210
34 216
34 217
34 221
34 239
34 252
34 254
34 255
35 3
35 6
35 11
35 23
35 33
35 44
35 46
35 52
35 71
35 86
35 94
35 104
35 108
35 110
35 113
35 119
35 127
35 128
35 137
35 140
35 148
35 154
35 165
35 169
35 183
35 184
35 187
35 190
35 192
35 195
35 198
35 200
35 204
35 205
35 220
35 229
35 231
35 250
36 0
36 1
36 2
36 7
36 12
36 29
36 31
36 32
36 48
36 52
36 63
36 64
36 71
36 80
36 88
36 108
36 110
36 120
36 133
36 151
36 161
36 163
36 168
36 183
36 185
36 192
36 200
36 201
36 202
36 205
36 213
36 214
36 237
36 243
36 247
36 250
36 252
36 253
37 10
37 11
37 18
37 21
37 32
37 34
37 36
37 53
37 68
37 75
37 87
37 96
37 103
37 104
37 107
37 110
37 130
37 135
37 140
37 141
37 146
37 150
37 164
37 167
37 171
37 180
37 182
37 185
37 188
37 192
37 195
37 218
37 220
37 229
37 235
37 238
37 247
37 248
38 6
38 8
38 9
38 24
38 33
38 44
38 49
38 55
38 61
38 66
38 68
38 77
38 79
38 80
38 81
38 90
38 93
38 96
38 101
38 111
38 113
38 116
38 134
38 142
38 146
38 151
38 158
38 163
38 189
38 194
38 195
38 198
38 200
38 207
38 232
38 237
38 241
38 246
39 2
39 14
39 15
39 17
39 21
39 46
39 47
39 51
39 53
39 69
39 78
39 80
39 83
39 90
39 92
39 94
39 97
39 103
39 104
39 108
39 122
39 143
39 144
39 153
39 159
39 160
39 163
39 167
39 173
39 174
39 191
39 199
39 212
39 213
39 225
39 236
39 253
39 255
40 12
40 13
40 20
40 31
40 40
40 51
40 56
40 58
40 65
40 66
40 79
40 85
40 89
40 91
40 120
40 122
40 131
40 132
40 138
40 149
40 160
40 166
40 170
40 184
40 185
40 196
40 200
40 203
40 207
40 210
40 212
40 213
40 214
40 219
40 236
40 241
40 242
40 254
41 11
41 15
41 22
41 24
41 30
41 31
41 33
41 38
41 39
41 46
41 48
41 62
41 71
41 74
41 90
41 108
41 109
41 135
41 140
41 146
41 147
41 150
41 171
41 173
41 180
41 181
41 185
41 187
41 193
41 218
41 220
41 224
41 228
41 230
41 234
41 251
41 252
41 255
42 2
42 4
42 5
42 10
42 14
42 17
42 18
42 31
42 34
42 43
42 47
42 56
42 57
42 58
42 65
42 69
42 78
42 101
42 102
42 108
42 110
42 116
42 117
42 121
42 128
42 138
42 149
42 163
42 166
42 171
42 173
42 187
42 201
42 202
42 230
42 235
42 239
42 245
