3 2
3 8
3 33
3 55
3 59
3 110
3 164
3 167
3 183
3 190
3 191
3 197
3 202
4 6
4 12
4 17
4 31
4 42
4 59
4 149
4 173
4 202
4 205
4 221
4 226
4 246
5 25
5 50
5 66
5 125
5 128
5 144
5 154
5 196
5 200
5 219
5 223
5 248
5 250
6 24
6 26
6 41
6 44
6 63
6 81
6 113
6 148
6 159
6 163
6 167
6 180
6 198
7 20
7 58
7 94
7 116
7 131
7 152
7 158
7 159
7 186
7 205
7 218
7 225
7 231
8 9
8 26
8 48
8 88
8 104
8 127
8 139
8 145
8 160
8 166
8 173
8 181
8 252
9 8
9 64
9 116
9 119
9 163
9 190
9 208
9 210
9 211
9 224
9 238
9 244
9 252
10 17
10 43
10 61
10 62
10 104
10 117
10 139
10 160
10 169
10 176
10 193
10 194
10 238
11 9
11 37
11 49
11 75
11 90
11 106
11 154
11 164
11 181
11 228
11 243
11 248
11 253
12 1
12 4
12 13
12 18
12 42
12 46
12 73
12 150
12 179
12 207
12 208
12 234
12 254
13 8
13 42
13 56
13 70
13 88
13 128
13 140
13 147
13 151
13 168
13 216
13 221
13 251
14 26
14 32
14 68
14 96
14 115
14 117
14 142
14 155
14 160
14 207
14 213
14 232
14 254
15 16
15 41
15 44
15 68
15 70
15 81
15 175
15 181
15 195
15 207
15 219
15 230
15 231
16 7
16 59
16 60
16 93
16 106
16 108
16 114
16 140
16 143
16 146
16 148
16 232
16 241
17 7
17 30
17 39
17 91
17 94
17 100
17 139
17 159
17 175
17 199
17 206
17 221
17 229
18 17
18 41
18 44
18 50
18 61
18 104
18 115
18 120
18 196
18 229
18 231
18 245
18 250
19 5
19 15
19 16
19 21
19 34
19 71
19 76
19 95
19 135
19 162
19 169
19 230
19 241
20 5
20 33
20 84
20 90
20 113
20 150
20 179
20 195
20 214
20 222
20 224
20 231
20 236
21 3
21 31
21 90
21 149
21 164
21 166
21 181
21 196
21 206
21 209
21 225
21 233
21 253
22 4
22 32
22 49
22 77
22 88
22 116
22 123
22 124
22 168
22 179
22 186
22 190
22 204
23 9
23 22
23 59
23 83
23 110
23 112
23 116
23 117
23 137
23 150
23 178
23 222
23 238
24 49
24 53
24 82
24 95
24 108
24 131
24 144
24 163
24 169
24 170
24 178
24 213
24 219
25 3
25 25
25 28
25 35
25 45
25 107
25 145
25 155
25 161
25 187
25 213
25 224
25 245
26 13
26 21
26 43
26 84
26 104
26 114
26 134
26 137
26 144
26 180
26 182
26 200
26 252
27 13
27 17
27 45
27 55
27 71
27 74
27 180
27 208
27 212
27 215
27 223
27 241
27 251
28 39
28 62
28 105
28 116
28 123
28 141
28 145
28 168
28 172
28 185
28 219
28 223
28 236
29 21
29 22
29 27
29 99
29 102
29 133
29 137
29 144
29 179
29 209
29 210
29 229
29 248
30 34
30 47
30 65
30 81
30 86
30 112
30 127
30 139
30 165
30 185
30 188
30 204
30 239
31 5
31 23
31 29
31 81
31 95
31 116
31 117
31 149
31 167
31 172
31 201
31 225
31 228
32 18
32 34
32 42
32 73
32 85
32 97
32 108
32 132
32 137
32 187
32 202
32 206
32 218
33 17
33 40
33 46
33 83
33 101
33 102
33 125
33 178
33 183
33 188
33 205
33 240
33 245
34 55
34 79
34 101
34 128
34 138
34 146
34 165
34 166
34 182
34 199
34 205
34 210
34 239
35 3
35 6
35 137
35 165
35 169
35 184
35 187
35 198
35 200
35 204
35 205
35 231
35 250
36 1
36 2
36 7
36 12
36 71
36 88
36 185
36 192
36 200
36 201
36 205
36 247
36 253
37 36
37 75
37 96
37 103
37 130
37 150
37 164
37 167
37 171
37 180
37 182
37 220
37 248
38 9
38 24
38 61
38 77
38 111
38 113
38 116
38 146
38 158
38 198
38 200
38 237
38 246
39 2
39 53
39 80
39 90
39 122
39 143
39 163
39 173
39 174
39 212
39 213
39 225
39 236
40 13
40 31
40 66
40 85
40 89
40 91
40 132
40 160
40 170
40 196
40 200
40 241
40 254
41 22
41 30
41 33
41 46
41 71
41 135
41 147
41 150
41 181
41 187
41 230
41 251
41 252
42 4
42 10
42 34
42 43
42 56
42 58
42 69
42 101
42 110
42 121
42 163
42 166
42 239
