3 0
3 6
3 8
3 16
3 20
3 24
3 25
3 28
3 30
3 32
3 33
3 35
3 38
3 41
3 42
3 43
3 45
3 47
3 53
3 54
3 55
3 57
3 59
3 62
3 63
3 66
3 67
3 69
3 73
3 75
3 77
3 78
3 85
3 88
3 90
3 91
3 94
3 95
3 96
3 100
3 104
3 106
3 110
3 111
3 112
3 113
3 117
3 119
3 124
3 125
3 128
3 129
3 130
3 132
3 135
3 137
3 140
3 142
3 143
3 144
3 149
3 151
3 156
3 159
3 167
3 168
3 174
3 175
3 180
3 183
3 186
3 187
3 190
3 191
3 192
3 195
3 196
3 197
3 199
3 202
3 204
3 206
3 208
3 210
3 213
3 214
3 216
3 219
3 220
3 221
3 224
3 225
3 226
3 228
3 230
3 236
3 242
3 250
3 251
3 252
3 253
3 255
4 3
4 6
4 9
4 12
4 17
4 18
4 19
4 23
4 25
4 26
4 30
4 31
4 33
4 34
4 35
4 40
4 41
4 42
4 43
4 46
4 48
4 50
4 54
4 57
4 58
4 59
4 60
4 66
4 70
4 72
4 73
4 75
4 77
4 78
4 85
4 87
4 88
4 89
4 90
4 91
4 95
4 96
4 102
4 109
4 110
4 111
4 115
4 117
4 123
4 125
4 131
4 132
4 133
4 136
4 138
4 139
4 145
4 146
4 149
4 150
4 151
4 153
4 157
4 165
4 166
4 167
4 168
4 172
4 173
4 176
4 178
4 179
4 180
4 182
4 188
4 192
4 196
4 199
4 200
4 202
4 204
4 205
4 207
4 211
4 214
4 215
4 219
4 221
4 222
4 224
4 225
4 226
4 229
4 231
4 232
4 240
4 243
4 245
4 246
4 247
4 253
4 254
5 0
5 1
5 3
5 5
5 6
5 7
5 8
5 9
5 10
5 11
5 12
5 14
5 15
5 16
5 23
5 24
5 25
5 27
5 30
5 31
5 34
5 39
5 46
5 48
5 52
5 58
5 60
5 62
5 65
5 66
5 67
5 68
5 69
5 71
5 72
5 74
5 75
5 80
5 81
5 82
5 83
5 87
5 88
5 90
5 91
5 92
5 97
5 98
5 102
5 104
5 106
5 109
5 112
5 115
5 116
5 118
5 120
5 121
5 123
5 124
5 127
5 128
5 132
5 135
5 138
5 142
5 143
5 144
5 147
5 152
5 153
5 154
5 156
5 157
5 162
5 163
5 165
5 166
5 168
5 171
5 172
5 173
5 177
5 185
5 202
5 206
5 207
5 209
5 210
5 213
5 214
5 215
5 218
5 219
5 223
5 226
5 227
5 234
5 247
5 250
5 251
5 255
6 2
6 4
6 5
6 7
6 11
6 12
6 13
6 21
6 22
6 23
6 25
6 26
6 28
6 33
6 34
6 35
6 37
6 39
6 40
6 41
6 44
6 45
6 46
6 52
6 53
6 59
6 61
6 65
6 66
6 77
6 79
6 81
6 83
6 86
6 89
6 99
6 100
6 101
6 104
6 105
6 106
6 107
6 108
6 110
6 113
6 114
6 115
6 122
6 123
6 124
6 125
6 126
6 127
6 137
6 140
6 143
6 148
6 149
6 150
6 151
6 152
6 155
6 158
6 159
6 161
6 163
6 167
6 169
6 173
6 175
6 180
6 183
6 185
6 190
6 191
6 192
6 193
6 198
6 199
6 203
6 205
6 206
6 208
6 210
6 214
6 216
6 220
6 225
6 227
6 229
6 231
6 232
6 234
6 235
6 240
6 241
6 243
6 244
6 247
6 249
6 250
6 251
7 0
7 2
7 3
7 4
7 10
7 11
7 14
7 15
7 16
7 17
7 18
7 19
7 23
7 25
7 30
7 31
7 33
7 34
7 35
7 37
7 38
7 39
7 41
7 42
7 44
7 46
7 58
7 63
7 65
7 66
7 69
7 70
7 71
7 72
7 75
7 79
7 92
7 94
7 96
7 97
7 98
7 100
7 104
7 108
7 111
7 113
7 116
7 117
7 118
7 121
7 124
7 133
7 134
7 135
7 138
7 140
7 144
7 145
7 146
7 147
7 152
7 154
7 156
7 158
7 161
7 164
7 165
7 167
7 173
7 176
7 177
7 180
7 181
7 183
7 184
7 186
7 193
7 197
7 198
7 200
7 204
7 205
7 207
7 208
7 210
7 212
7 213
7 214
7 217
7 218
7 220
7 221
7 225
7 230
7 231
7 233
7 237
7 243
7 249
7 250
7 253
7 255
8 5
8 7
8 8
8 9
8 11
8 14
8 16
8 18
8 22
8 23
8 29
8 30
8 32
8 37
8 38
8 41
8 44
8 48
8 49
8 51
8 52
8 53
8 54
8 58
8 59
8 61
8 62
8 63
8 64
8 66
8 68
8 71
8 75
8 77
8 79
8 83
8 87
8 92
8 94
8 95
8 97
8 99
8 100
8 104
8 107
8 108
8 112
8 113
8 116
8 117
8 118
8 121
8 123
8 124
8 127
8 128
8 129
8 136
8 137
8 138
8 139
8 142
8 146
8 149
8 151
8 154
8 157
8 160
8 161
8 166
8 170
8 174
8 181
8 182
8 183
8 186
8 187
8 188
8 190
8 197
8 206
8 207
8 209
8 212
8 214
8 216
8 221
8 222
8 223
8 224
8 225
8 227
8 228
8 231
8 238
8 240
8 241
8 244
8 245
8 251
8 252
8 255
9 0
9 3
9 5
9 6
9 8
9 16
9 21
9 22
9 25
9 29
9 30
9 31
9 32
9 34
9 38
9 40
9 41
9 42
9 43
9 46
9 50
9 51
9 52
9 54
9 56
9 57
9 59
9 60
9 61
9 64
9 65
9 68
9 74
9 76
9 77
9 85
9 88
9 91
9 93
9 94
9 97
9 101
9 103
9 108
9 110
9 113
9 116
9 119
9 123
9 124
9 125
9 127
9 129
9 132
9 137
9 142
9 143
9 146
9 147
9 152
9 153
9 154
9 157
9 158
9 160
9 163
9 165
9 168
9 170
9 171
9 174
9 178
9 183
9 190
9 191
9 199
9 202
9 205
9 208
9 209
9 210
9 211
9 212
9 214
9 215
9 217
9 219
9 220
9 224
9 225
9 229
9 232
9 236
9 237
9 238
9 241
9 243
9 244
9 248
9 249
9 252
9 254
10 4
10 6
10 17
10 20
10 21
10 26
10 27
10 28
10 29
10 32
10 35
10 36
10 37
10 43
10 52
10 53
10 54
10 55
10 56
10 59
10 60
10 61
10 62
10 64
10 65
10 70
10 82
10 83
10 84
10 89
10 91
10 93
10 103
10 104
10 105
10 106
10 107
10 111
10 112
10 114
10 117
10 119
10 122
10 123
10 125
10 126
10 128
10 129
10 131
10 132
10 134
10 143
10 144
10 148
10 149
10 154
10 155
10 157
10 159
10 160
10 165
10 169
10 171
10 174
10 175
10 176
10 177
10 179
10 183
10 184
10 185
10 188
10 190
10 191
10 192
10 194
10 195
10 201
10 202
10 205
10 207
10 208
10 212
10 214
10 220
10 223
10 224
10 226
10 228
10 229
10 233
10 235
10 237
10 238
10 239
10 241
10 244
10 245
10 248
10 249
10 253
10 254
11 8
11 10
11 13
11 14
11 17
11 22
11 27
11 28
11 29
11 31
11 35
11 36
11 39
11 44
11 49
11 51
11 54
11 55
11 56
11 57
11 60
11 61
11 65
11 68
11 69
11 71
11 72
11 73
11 74
11 75
11 76
11 78
11 81
11 85
11 86
11 90
11 91
11 95
11 97
11 103
11 104
11 106
11 108
11 115
11 117
11 118
11 124
11 126
11 137
11 140
11 143
11 145
11 146
11 147
11 149
11 153
11 154
11 156
11 157
11 158
11 160
11 166
11 167
11 170
11 171
11 172
11 175
11 177
11 178
11 180
11 181
11 184
11 188
11 190
11 194
11 195
11 196
11 197
11 200
11 201
11 204
11 206
11 209
11 210
11 211
11 212
11 213
11 216
11 218
11 231
11 233
11 234
11 238
11 239
11 243
11 245
11 246
11 248
11 249
11 250
11 253
11 255
12 1
12 2
12 3
12 7
12 9
12 10
12 11
12 13
12 15
12 18
12 20
12 22
12 27
12 30
12 33
12 39
12 41
12 42
12 46
12 47
12 48
12 50
12 54
12 56
12 57
12 61
12 62
12 65
12 66
12 69
12 71
12 72
12 73
12 76
12 77
12 82
12 88
12 89
12 91
12 93
12 94
12 96
12 98
12 102
12 105
12 112
12 114
12 116
12 118
12 119
12 120
12 121
12 126
12 133
12 135
12 138
12 141
12 144
12 146
12 147
12 148
12 150
12 157
12 158
12 160
12 161
12 165
12 166
12 172
12 176
12 179
12 180
12 181
12 184
12 187
12 189
12 190
12 191
12 197
12 204
12 205
12 206
12 207
12 208
12 211
12 214
12 216
12 217
12 218
12 219
12 221
12 226
12 231
12 232
12 233
12 234
12 238
12 243
12 244
12 250
12 251
12 254
13 0
13 1
13 5
13 6
13 8
13 17
13 18
13 21
13 22
13 24
13 29
13 31
13 32
13 36
13 37
13 39
13 42
13 46
13 47
13 49
13 55
13 56
13 60
13 62
13 65
13 67
13 68
13 70
13 71
13 73
13 76
13 81
13 82
13 83
13 84
13 86
13 87
13 89
13 92
13 94
13 100
13 103
13 106
13 108
13 110
13 112
13 113
13 117
13 120
13 121
13 124
13 128
13 130
13 131
13 132
13 136
13 137
13 138
13 140
13 141
13 149
13 153
13 154
13 158
13 161
13 163
13 168
13 169
13 176
13 177
13 187
13 193
13 196
13 197
13 199
13 200
13 203
13 205
13 207
13 209
13 211
13 212
13 213
13 215
13 216
13 219
13 220
13 221
13 226
13 227
13 228
13 231
13 232
13 233
13 234
13 239
13 242
13 243
13 250
13 253
13 254
13 255
14 0
14 4
14 9
14 12
14 14
14 16
14 19
14 20
14 22
14 23
14 26
14 27
14 29
14 30
14 31
14 32
14 33
14 36
14 38
14 39
14 40
14 43
14 44
14 45
14 58
14 59
14 60
14 61
14 63
14 64
14 68
14 69
14 70
14 71
14 73
14 74
14 77
14 79
14 80
14 82
14 85
14 88
14 89
14 90
14 96
14 101
14 102
14 105
14 106
14 107
14 114
14 115
14 121
14 128
14 129
14 135
14 137
14 140
14 147
14 149
14 155
14 157
14 160
14 161
14 163
14 164
14 166
14 167
14 168
14 170
14 172
14 174
14 175
14 177
14 178
14 179
14 181
14 183
14 186
14 189
14 190
14 191
14 193
14 195
14 200
14 203
14 204
14 205
14 206
14 213
14 216
14 220
14 221
14 225
14 230
14 232
14 241
14 243
14 244
14 250
14 252
14 253
15 0
15 3
15 4
15 11
15 16
15 19
15 21
15 22
15 23
15 29
15 31
15 35
15 36
15 41
15 42
15 44
15 49
15 51
15 54
15 55
15 56
15 58
15 61
15 66
15 67
15 68
15 69
15 70
15 74
15 77
15 78
15 79
15 80
15 81
15 84
15 86
15 88
15 90
15 91
15 98
15 106
15 110
15 113
15 115
15 118
15 119
15 122
15 128
15 133
15 135
15 140
15 146
15 147
15 149
15 151
15 155
15 158
15 161
15 163
15 164
15 168
15 170
15 175
15 177
15 180
15 181
15 185
15 186
15 188
15 190
15 195
15 196
15 197
15 198
15 202
15 206
15 207
15 208
15 210
15 212
15 214
15 216
15 219
15 221
15 223
15 225
15 226
15 227
15 229
15 231
15 232
15 236
15 239
15 240
15 241
15 243
15 245
15 247
15 251
15 252
15 253
15 254
16 1
16 5
16 7
16 8
16 9
16 10
16 11
16 12
16 15
16 19
16 22
16 27
16 35
16 36
16 38
16 39
16 40
16 41
16 43
16 44
16 50
16 54
16 58
16 59
16 60
16 67
16 68
16 70
16 72
16 73
16 75
16 81
16 83
16 86
16 88
16 89
16 91
16 92
16 93
16 96
16 98
16 101
16 106
16 108
16 109
16 116
16 118
16 121
16 122
16 123
16 127
16 131
16 133
16 136
16 138
16 140
16 141
16 142
16 143
16 146
16 149
16 150
16 154
16 155
16 158
16 160
16 161
16 162
16 164
16 165
16 167
16 168
16 174
16 178
16 180
16 183
16 186
16 196
16 200
16 202
16 207
16 213
16 215
16 216
16 217
16 224
16 225
16 232
16 234
16 235
16 237
16 240
16 241
16 242
16 243
16 246
16 248
16 250
16 251
16 252
16 253
16 254
17 10
17 11
17 13
17 14
17 15
17 22
17 24
17 27
17 30
17 31
17 33
17 34
17 39
17 46
17 48
17 51
17 54
17 57
17 58
17 59
17 60
17 62
17 63
17 64
17 65
17 67
17 71
17 73
17 77
17 78
17 79
17 81
17 82
17 86
17 90
17 91
17 92
17 94
17 95
17 96
17 98
17 99
17 104
17 107
17 112
17 113
17 114
17 116
17 119
17 128
17 130
17 135
17 136
17 137
17 139
17 142
17 143
17 145
17 146
17 147
17 151
17 152
17 156
17 158
17 161
17 162
17 164
17 169
17 171
17 174
17 178
17 180
17 181
17 182
17 185
17 191
17 192
17 193
17 194
17 195
17 196
17 197
17 198
17 199
17 200
17 202
17 205
17 206
17 207
17 211
17 212
17 213
17 216
17 218
17 227
17 228
17 230
17 236
17 238
17 247
17 251
17 254
18 0
18 1
18 3
18 12
18 13
18 14
18 15
18 17
18 20
18 22
18 24
18 30
18 31
18 32
18 33
18 35
18 39
18 41
18 42
18 44
18 50
18 52
18 53
18 55
18 61
18 63
18 64
18 66
18 68
18 70
18 71
18 73
18 74
18 75
18 78
18 81
18 82
18 83
18 87
18 89
18 90
18 92
18 93
18 95
18 101
18 103
18 104
18 106
18 111
18 113
18 114
18 115
18 118
18 120
18 121
18 122
18 123
18 124
18 130
18 132
18 136
18 137
18 138
18 140
18 141
18 154
18 155
18 159
18 161
18 165
18 167
18 168
18 175
18 179
18 184
18 187
18 189
18 191
18 192
18 193
18 196
18 198
18 201
18 207
18 208
18 210
18 211
18 212
18 214
18 219
18 220
18 221
18 225
18 229
18 231
18 236
18 237
18 240
18 242
18 244
18 245
18 251
19 0
19 2
19 4
19 5
19 6
19 15
19 16
19 18
19 21
19 26
19 32
19 34
19 48
19 49
19 50
19 51
19 55
19 57
19 61
19 63
19 66
19 69
19 71
19 72
19 76
19 77
19 78
19 80
19 82
19 87
19 92
19 95
19 106
19 113
19 115
19 120
19 124
19 125
19 128
19 129
19 131
19 132
19 135
19 141
19 143
19 144
19 145
19 146
19 149
19 152
19 153
19 155
19 156
19 158
19 161
19 162
19 163
19 164
19 165
19 166
19 167
19 169
19 171
19 172
19 178
19 179
19 185
19 186
19 187
19 188
19 191
19 192
19 195
19 196
19 198
19 199
19 204
19 205
19 206
19 209
19 212
19 213
19 217
19 219
19 224
19 225
19 227
19 228
19 230
19 232
19 234
19 237
19 239
19 240
19 241
19 242
19 244
19 245
19 247
19 248
19 252
19 255
20 1
20 2
20 5
20 6
20 7
20 9
20 13
20 15
20 16
20 17
20 18
20 20
20 28
20 30
20 31
20 37
20 42
20 44
20 46
20 47
20 49
20 52
20 54
20 57
20 58
20 60
20 63
20 64
20 65
20 68
20 71
20 79
20 81
20 82
20 84
20 86
20 87
20 89
20 90
20 92
20 99
20 102
20 105
20 107
20 108
20 113
20 117
20 120
20 121
20 123
20 126
20 127
20 128
20 131
20 138
20 141
20 142
20 147
20 150
20 151
20 155
20 157
20 161
20 168
20 170
20 171
20 172
20 173
20 174
20 175
20 176
20 177
20 178
20 180
20 185
20 186
20 188
20 189
20 193
20 194
20 195
20 197
20 198
20 204
20 206
20 209
20 212
20 214
20 222
20 224
20 226
20 231
20 234
20 237
20 238
20 239
20 243
20 244
20 249
20 250
20 253
20 254
21 2
21 3
21 5
21 6
21 12
21 13
21 18
21 21
21 25
21 26
21 27
21 29
21 31
21 32
21 36
21 37
21 39
21 40
21 41
21 43
21 44
21 46
21 51
21 54
21 55
21 56
21 66
21 67
21 70
21 78
21 84
21 87
21 88
21 95
21 96
21 97
21 100
21 104
21 105
21 108
21 110
21 113
21 118
21 119
21 120
21 125
21 126
21 130
21 133
21 134
21 136
21 137
21 139
21 146
21 147
21 149
21 150
21 152
21 153
21 158
21 160
21 163
21 164
21 171
21 174
21 175
21 178
21 181
21 182
21 185
21 186
21 187
21 191
21 192
21 196
21 197
21 199
21 205
21 206
21 207
21 209
21 213
21 217
21 220
21 221
21 222
21 223
21 226
21 227
21 231
21 232
21 233
21 236
21 237
21 239
21 240
21 242
21 243
21 244
21 253
21 254
21 255
22 1
22 4
22 5
22 6
22 8
22 11
22 13
22 14
22 22
22 24
22 26
22 28
22 29
22 31
22 32
22 35
22 36
22 37
22 38
22 43
22 44
22 45
22 49
22 53
22 54
22 55
22 62
22 67
22 68
22 70
22 72
22 73
22 77
22 78
22 81
22 82
22 83
22 84
22 85
22 88
22 89
22 95
22 96
22 97
22 101
22 106
22 109
22 110
22 112
22 118
22 123
22 124
22 126
22 128
22 129
22 131
22 132
22 136
22 140
22 142
22 143
22 146
22 151
22 152
22 154
22 156
22 160
22 161
22 162
22 164
22 168
22 171
22 172
22 173
22 175
22 177
22 178
22 179
22 183
22 185
22 186
22 188
22 198
22 199
22 203
22 204
22 207
22 211
22 213
22 216
22 217
22 225
22 226
22 228
22 229
22 236
22 246
22 247
22 248
22 251
22 252
22 255
23 1
23 3
23 4
23 5
23 7
23 9
23 12
23 13
23 15
23 17
23 20
23 21
23 22
23 24
23 25
23 28
23 30
23 31
23 33
23 34
23 37
23 40
23 42
23 43
23 44
23 45
23 47
23 49
23 59
23 63
23 65
23 66
23 67
23 70
23 71
23 72
23 73
23 76
23 77
23 78
23 79
23 80
23 81
23 83
23 84
23 85
23 87
23 89
23 94
23 98
23 99
23 102
23 104
23 105
23 106
23 109
23 112
23 114
23 116
23 117
23 120
23 121
23 137
23 138
23 142
23 144
23 146
23 148
23 149
23 150
23 158
23 161
23 166
23 167
23 169
23 176
23 183
23 185
23 187
23 191
23 196
23 199
23 200
23 202
23 203
23 207
23 209
23 216
23 219
23 222
23 226
23 229
23 231
23 232
23 235
23 236
23 239
23 249
23 250
23 251
23 253
23 255
24 2
24 4
24 5
24 8
24 10
24 11
24 20
24 21
24 24
24 25
24 26
24 28
24 29
24 30
24 31
24 32
24 33
24 40
24 41
24 45
24 48
24 49
24 53
24 54
24 55
24 59
24 61
24 62
24 63
24 65
24 66
24 69
24 71
24 74
24 81
24 82
24 85
24 86
24 89
24 91
24 94
24 95
24 96
24 97
24 98
24 100
24 103
24 108
24 109
24 111
24 113
24 124
24 131
24 133
24 144
24 145
24 148
24 150
24 156
24 157
24 163
24 169
24 170
24 171
24 172
24 174
24 175
24 178
24 181
24 184
24 193
24 194
24 196
24 197
24 198
24 199
24 204
24 206
24 207
24 210
24 211
24 212
24 213
24 214
24 215
24 217
24 219
24 220
24 221
24 223
24 225
24 226
24 228
24 230
24 233
24 234
24 235
24 237
24 243
24 247
24 252
24 254
25 1
25 3
25 8
25 10
25 11
25 13
25 15
25 21
25 22
25 25
25 28
25 29
25 35
25 38
25 42
25 45
25 47
25 48
25 49
25 50
25 51
25 52
25 59
25 61
25 62
25 72
25 75
25 76
25 79
25 84
25 85
25 86
25 93
25 94
25 97
25 98
25 101
25 104
25 105
25 107
25 111
25 112
25 114
25 115
25 116
25 117
25 118
25 123
25 125
25 126
25 127
25 128
25 129
25 131
25 132
25 134
25 135
25 136
25 137
25 138
25 141
25 147
25 149
25 150
25 151
25 154
25 160
25 161
25 162
25 164
25 165
25 170
25 172
25 175
25 177
25 179
25 180
25 184
25 187
25 188
25 189
25 193
25 196
25 198
25 200
25 201
25 202
25 203
25 208
25 214
25 215
25 224
25 228
25 232
25 235
25 238
25 240
25 245
25 246
25 248
25 250
25 251
26 0
26 2
26 5
26 7
26 9
26 13
26 16
26 17
26 18
26 21
26 24
26 25
26 27
26 30
26 32
26 33
26 36
26 40
26 41
26 42
26 43
26 44
26 45
26 46
26 47
26 50
26 51
26 55
26 59
26 65
26 74
26 75
26 77
26 78
26 81
26 84
26 85
26 87
26 89
26 94
26 95
26 98
26 99
26 100
26 104
26 106
26 108
26 109
26 110
26 112
26 114
26 120
26 121
26 122
26 123
26 124
26 129
26 130
26 134
26 135
26 137
26 139
26 140
26 141
26 143
26 144
26 147
26 151
26 153
26 161
26 170
26 171
26 174
26 175
26 177
26 179
26 180
26 181
26 182
26 184
26 185
26 186
26 189
26 197
26 199
26 200
26 207
26 208
26 212
26 215
26 218
26 222
26 224
26 231
26 235
26 242
26 244
26 246
26 247
26 248
26 252
26 255
27 3
27 4
27 5
27 11
27 13
27 16
27 18
27 19
27 21
27 22
27 23
27 24
27 25
27 33
27 38
27 42
27 45
27 48
27 51
27 55
27 56
27 60
27 64
27 65
27 70
27 71
27 73
27 75
27 76
27 78
27 79
27 81
27 84
27 86
27 89
27 91
27 92
27 93
27 95
27 96
27 97
27 98
27 102
27 103
27 110
27 111
27 113
27 116
27 120
27 124
27 127
27 128
27 129
27 132
27 135
27 136
27 141
27 142
27 143
27 147
27 153
27 154
27 159
27 160
27 161
27 162
27 163
27 164
27 165
27 167
27 169
27 171
27 177
27 180
27 181
27 182
27 186
27 187
27 190
27 193
27 197
27 200
27 206
27 207
27 208
27 210
27 213
27 214
27 215
27 219
27 221
27 223
27 224
27 226
27 232
27 237
27 238
27 241
27 244
27 247
27 251
27 255
28 6
28 13
28 15
28 16
28 17
28 25
28 26
28 27
28 30
28 31
28 34
28 37
28 39
28 40
28 41
28 42
28 44
28 46
28 49
28 50
28 51
28 55
28 57
28 62
28 63
28 65
28 66
28 70
28 73
28 77
28 79
28 83
28 92
28 98
28 103
28 104
28 105
28 107
28 113
28 114
28 116
28 117
28 120
28 122
28 123
28 124
28 125
28 129
28 134
28 135
28 136
28 139
28 140
28 141
28 142
28 143
28 144
28 148
28 150
28 155
28 157
28 159
28 161
28 165
28 167
28 172
28 173
28 175
28 176
28 177
28 178
28 183
28 184
28 185
28 187
28 192
28 193
28 194
28 195
28 199
28 200
28 201
28 203
28 205
28 206
28 208
28 210
28 215
28 216
28 219
28 221
28 222
28 223
28 225
28 226
28 228
28 232
28 236
28 238
28 252
28 254
28 255
29 3
29 5
29 15
29 16
29 20
29 21
29 22
29 23
29 27
29 31
29 32
29 37
29 38
29 41
29 42
29 45
29 47
29 48
29 49
29 52
29 53
29 54
29 55
29 56
29 58
29 61
29 67
29 68
29 71
29 79
29 80
29 84
29 87
29 88
29 89
29 90
29 93
29 96
29 97
29 99
29 100
29 102
29 103
29 107
29 108
29 113
29 114
29 116
29 119
29 120
29 122
29 125
29 127
29 128
29 131
29 133
29 134
29 135
29 136
29 137
29 143
29 144
29 145
29 146
29 150
29 151
29 154
29 155
29 162
29 163
29 168
29 169
29 170
29 174
29 176
29 179
29 181
29 187
29 189
29 190
29 192
29 198
29 199
29 203
29 204
29 208
29 209
29 210
29 214
29 218
29 219
29 222
29 225
29 227
29 229
29 234
29 236
29 237
29 245
29 248
29 249
29 250
30 1
30 2
30 3
30 4
30 9
30 10
30 14
30 16
30 17
30 24
30 25
30 30
30 35
30 38
30 46
30 47
30 49
30 51
30 53
30 54
30 55
30 57
30 58
30 59
30 60
30 61
30 65
30 66
30 70
30 71
30 73
30 74
30 75
30 76
30 79
30 81
30 83
30 86
30 90
30 92
30 93
30 94
30 97
30 102
30 105
30 107
30 110
30 119
30 120
30 125
30 127
30 130
30 131
30 133
30 139
30 141
30 144
30 149
30 153
30 154
30 158
30 160
30 165
30 166
30 167
30 169
30 171
30 174
30 175
30 178
30 182
30 185
30 187
30 188
30 189
30 193
30 196
30 199
30 202
30 203
30 204
30 205
30 209
30 210
30 211
30 214
30 219
30 226
30 227
30 231
30 232
30 233
30 234
30 237
30 241
30 242
30 244
30 246
30 247
30 251
30 253
30 255
31 2
31 3
31 5
31 7
31 18
31 20
31 24
31 25
31 26
31 28
31 29
31 32
31 36
31 41
31 44
31 47
31 53
31 54
31 56
31 58
31 61
31 63
31 65
31 66
31 68
31 69
31 72
31 75
31 77
31 78
31 79
31 83
31 86
31 88
31 89
31 90
31 92
31 95
31 96
31 98
31 100
31 101
31 105
31 109
31 110
31 111
31 114
31 115
31 117
31 119
31 121
31 122
31 125
31 126
31 131
31 136
31 141
31 145
31 146
31 148
31 149
31 150
31 151
31 152
31 154
31 155
31 158
31 162
31 163
31 165
31 167
31 168
31 170
31 171
31 173
31 179
31 180
31 185
31 187
31 189
31 201
31 205
31 210
31 211
31 212
31 213
31 215
31 216
31 217
31 218
31 220
31 228
31 230
31 231
31 236
31 238
31 239
31 240
31 248
31 253
31 254
31 255
32 1
32 4
32 9
32 12
32 13
32 14
32 16
32 19
32 27
32 28
32 29
32 31
32 32
32 35
32 36
32 37
32 38
32 41
32 42
32 44
32 48
32 50
32 52
32 54
32 55
32 57
32 59
32 62
32 63
32 64
32 65
32 66
32 69
32 71
32 77
32 83
32 85
32 86
32 88
32 89
32 90
32 91
32 96
32 98
32 100
32 103
32 105
32 108
32 110
32 114
32 115
32 116
32 124
32 128
32 129
32 131
32 132
32 137
32 144
32 145
32 148
32 150
32 154
32 155
32 156
32 157
32 159
32 162
32 163
32 166
32 167
32 169
32 170
32 171
32 172
32 175
32 176
32 177
32 179
32 182
32 185
32 189
32 199
32 200
32 201
32 202
32 205
32 210
32 211
32 220
32 222
32 223
32 225
32 228
32 230
32 234
32 238
32 241
32 242
32 243
32 247
32 253
33 0
33 1
33 2
33 3
33 6
33 7
33 10
33 12
33 13
33 17
33 20
33 21
33 23
33 24
33 33
33 35
33 37
33 42
33 46
33 48
33 50
33 52
33 57
33 59
33 62
33 66
33 69
33 70
33 71
33 72
33 78
33 79
33 81
33 82
33 83
33 84
33 85
33 86
33 87
33 88
33 89
33 90
33 93
33 95
33 96
33 97
33 98
33 99
33 100
33 101
33 102
33 105
33 109
33 114
33 115
33 119
33 122
33 125
33 126
33 130
33 131
33 133
33 135
33 136
33 138
33 145
33 146
33 148
33 149
33 151
33 161
33 163
33 164
33 169
33 173
33 179
33 180
33 181
33 183
33 187
33 189
33 190
33 192
33 193
33 197
33 201
33 202
33 204
33 205
33 207
33 210
33 211
33 214
33 218
33 224
33 225
33 230
33 234
33 240
33 243
33 245
33 248
34 7
34 9
34 16
34 21
34 22
34 23
34 25
34 26
34 28
34 35
34 36
34 40
34 41
34 43
34 44
34 46
34 47
34 48
34 49
34 52
34 55
34 60
34 61
34 62
34 65
34 69
34 71
34 73
34 76
34 78
34 79
34 80
34 82
34 86
34 88
34 89
34 92
34 97
34 100
34 101
34 104
34 105
34 106
34 111
34 112
34 116
34 118
34 121
34 122
34 123
34 125
34 128
34 129
34 135
34 136
34 138
34 139
34 145
34 146
34 149
34 151
34 153
34 155
34 157
34 160
34 165
34 166
34 168
34 170
34 171
34 174
34 175
34 181
34 182
34 186
34 187
34 188
34 189
34 190
34 192
34 202
34 203
34 205
34 209
34 210
34 213
34 216
34 218
34 221
34 222
34 230
34 235
34 240
34 242
34 244
34 247
34 248
34 249
34 250
34 251
34 254
34 255
35 3
35 5
35 6
35 7
35 10
35 11
35 14
35 17
35 18
35 20
35 23
35 27
35 28
35 29
35 33
35 39
35 40
35 44
35 46
35 52
35 56
35 58
35 62
35 65
35 66
35 67
35 71
35 72
35 73
35 74
35 75
35 77
35 83
35 92
35 102
35 104
35 106
35 108
35 109
35 112
35 114
35 116
35 119
35 120
35 122
35 124
35 127
35 128
35 130
35 132
35 137
35 140
35 141
35 145
35 147
35 148
35 150
35 151
35 152
35 153
35 154
35 162
35 163
35 169
35 171
35 173
35 177
35 178
35 181
35 183
35 184
35 188
35 190
35 191
35 192
35 193
35 195
35 197
35 198
35 199
35 200
35 204
35 205
35 206
35 208
35 210
35 213
35 219
35 220
35 228
35 230
35 231
35 232
35 236
35 237
35 240
35 241
35 242
35 246
35 248
35 250
35 251
36 0
36 1
36 2
36 6
36 12
36 15
36 26
36 27
36 29
36 31
36 32
36 33
36 35
36 37
36 38
36 42
36 43
36 44
36 45
36 46
36 52
36 53
36 56
36 57
36 60
36 61
36 63
36 64
36 68
36 71
36 73
36 78
36 82
36 92
36 94
36 95
36 96
36 97
36 98
36 99
36 100
36 101
36 102
36 105
36 108
36 110
36 113
36 122
36 135
36 138
36 141
36 148
36 151
36 152
36 157
36 159
36 160
36 163
36 164
36 167
36 170
36 175
36 177
36 180
36 181
36 182
36 183
36 184
36 186
36 187
36 188
36 190
36 192
36 193
36 194
36 195
36 196
36 200
36 203
36 207
36 209
36 213
36 214
36 219
36 220
36 223
36 224
36 229
36 230
36 233
36 234
36 235
36 237
36 242
36 243
36 246
36 247
36 249
36 251
36 252
36 253
36 254
37 10
37 11
37 14
37 15
37 16
37 18
37 19
37 20
37 21
37 23
37 25
37 28
37 29
37 30
37 32
37 33
37 34
37 37
37 39
37 43
37 44
37 48
37 50
37 54
37 59
37 60
37 61
37 64
37 68
37 69
37 75
37 76
37 77
37 80
37 81
37 85
37 86
37 91
37 92
37 95
37 96
37 97
37 98
37 103
37 104
37 105
37 109
37 110
37 111
37 120
37 129
37 130
37 131
37 133
37 135
37 139
37 140
37 141
37 146
37 148
37 149
37 150
37 153
37 156
37 158
37 161
37 162
37 164
37 165
37 166
37 167
37 171
37 174
37 178
37 180
37 182
37 185
37 188
37 189
37 190
37 192
37 194
37 195
37 197
37 201
37 207
37 212
37 217
37 219
37 220
37 223
37 225
37 229
37 231
37 233
37 235
37 245
37 246
37 247
37 248
37 252
37 253
38 4
38 6
38 9
38 13
38 14
38 15
38 17
38 20
38 21
38 24
38 27
38 29
38 32
38 36
38 38
38 43
38 44
38 46
38 48
38 49
38 54
38 55
38 56
38 57
38 60
38 66
38 70
38 71
38 74
38 76
38 79
38 80
38 82
38 85
38 86
38 88
38 91
38 93
38 96
38 97
38 101
38 105
38 106
38 108
38 111
38 113
38 116
38 120
38 121
38 125
38 126
38 130
38 132
38 133
38 135
38 140
38 142
38 143
38 146
38 149
38 151
38 158
38 159
38 163
38 169
38 171
38 172
38 178
38 179
38 180
38 189
38 190
38 191
38 192
38 194
38 195
38 196
38 198
38 200
38 202
38 204
38 207
38 209
38 210
38 211
38 219
38 220
38 221
38 225
38 232
38 233
38 234
38 235
38 236
38 237
38 241
38 244
38 245
38 246
38 249
38 251
38 252
39 0
39 2
39 3
39 5
39 6
39 8
39 9
39 12
39 14
39 17
39 20
39 22
39 23
39 36
39 39
39 40
39 44
39 45
39 46
39 48
39 50
39 51
39 52
39 53
39 67
39 72
39 73
39 77
39 80
39 81
39 83
39 85
39 92
39 94
39 97
39 101
39 102
39 103
39 105
39 107
39 110
39 112
39 119
39 120
39 121
39 122
39 126
39 129
39 133
39 136
39 137
39 141
39 142
39 143
39 144
39 145
39 149
39 150
39 152
39 153
39 155
39 159
39 160
39 161
39 162
39 163
39 164
39 166
39 167
39 172
39 173
39 174
39 176
39 181
39 182
39 184
39 185
39 186
39 188
39 189
39 191
39 193
39 195
39 196
39 199
39 201
39 211
39 212
39 213
39 216
39 218
39 224
39 225
39 230
39 235
39 236
39 246
39 247
39 248
39 251
39 253
39 255
40 2
40 4
40 9
40 13
40 18
40 20
40 24
40 25
40 30
40 31
40 32
40 34
40 36
40 38
40 40
40 42
40 44
40 52
40 54
40 56
40 58
40 59
40 63
40 64
40 65
40 66
40 69
40 71
40 73
40 76
40 77
40 79
40 82
40 85
40 87
40 89
40 90
40 91
40 98
40 103
40 106
40 108
40 110
40 111
40 120
40 122
40 123
40 124
40 128
40 131
40 132
40 136
40 138
40 139
40 140
40 148
40 149
40 157
40 160
40 161
40 164
40 166
40 170
40 171
40 172
40 174
40 176
40 177
40 178
40 179
40 183
40 184
40 185
40 191
40 196
40 197
40 200
40 202
40 203
40 205
40 207
40 210
40 212
40 213
40 214
40 216
40 219
40 222
40 223
40 224
40 227
40 229
40 231
40 233
40 234
40 236
40 239
40 241
40 242
40 244
40 254
40 255
41 1
41 11
41 12
41 15
41 18
41 20
41 22
41 23
41 24
41 26
41 29
41 30
41 32
41 33
41 36
41 38
41 40
41 43
41 44
41 46
41 48
41 50
41 53
41 58
41 62
41 64
41 66
41 69
41 70
41 74
41 75
41 78
41 82
41 86
41 88
41 90
41 100
41 102
41 103
41 106
41 108
41 109
41 110
41 114
41 117
41 121
41 122
41 126
41 127
41 130
41 131
41 132
41 134
41 135
41 136
41 141
41 142
41 145
41 146
41 147
41 148
41 150
41 152
41 167
41 173
41 177
41 180
41 181
41 184
41 185
41 186
41 187
41 188
41 192
41 193
41 195
41 196
41 197
41 199
41 207
41 209
41 212
41 215
41 216
41 217
41 218
41 220
41 221
41 224
41 225
41 228
41 230
41 234
41 236
41 240
41 242
41 244
41 245
41 246
41 247
41 252
41 255
42 1
42 4
42 5
42 6
42 7
42 10
42 14
42 16
42 17
42 18
42 19
42 22
42 23
42 31
42 34
42 37
42 39
42 43
42 47
42 50
42 51
42 53
42 54
42 56
42 57
42 58
42 60
42 64
42 65
42 67
42 69
42 74
42 76
42 80
42 83
42 85
42 86
42 88
42 95
42 98
42 101
42 102
42 107
42 108
42 110
42 114
42 115
42 116
42 118
42 119
42 121
42 128
42 134
42 136
42 139
42 142
42 143
42 148
42 152
42 155
42 157
42 158
42 163
42 166
42 167
42 168
42 170
42 172
42 173
42 175
42 176
42 181
42 183
42 187
42 188
42 189
42 194
42 195
42 196
42 197
42 199
42 200
42 201
42 204
42 206
42 211
42 214
42 220
42 223
42 228
42 230
42 231
42 233
42 234
42 235
42 239
42 245
42 246
42 247
42 250
42 252
42 253
