3 6
3 8
3 24
3 25
3 28
3 30
3 33
3 35
3 38
3 42
3 45
3 47
3 55
3 57
3 59
3 62
3 63
3 69
3 73
3 77
3 90
3 94
3 95
3 96
3 100
3 104
3 110
3 111
3 112
3 117
3 124
3 125
3 128
3 129
3 135
3 137
3 142
3 156
3 167
3 168
3 174
3 180
3 187
3 190
3 191
3 192
3 195
3 197
3 199
3 202
3 204
3 208
3 210
3 213
3 214
3 219
3 221
3 224
3 225
3 226
3 228
3 242
3 251
3 253
4 6
4 9
4 12
4 17
4 18
4 23
4 25
4 30
4 31
4 33
4 34
4 40
4 42
4 46
4 50
4 58
4 59
4 60
4 70
4 73
4 77
4 78
4 87
4 90
4 96
4 102
4 109
4 111
4 115
4 117
4 123
4 125
4 131
4 133
4 136
4 149
4 151
4 157
4 165
4 167
4 168
4 172
4 173
4 178
4 179
4 192
4 196
4 199
4 200
4 202
4 205
4 207
4 219
4 221
4 222
4 224
4 226
4 232
4 240
4 245
4 246
4 247
4 253
4 254
5 0
5 1
5 3
5 5
5 6
5 7
5 8
5 9
5 11
5 12
5 14
5 15
5 16
5 25
5 31
5 34
5 46
5 52
5 62
5 65
5 66
5 68
5 69
5 71
5 74
5 80
5 83
5 87
5 88
5 90
5 91
5 97
5 109
5 112
5 118
5 121
5 123
5 128
5 138
5 143
5 144
5 152
5 153
5 154
5 156
5 157
5 162
5 163
5 165
5 168
5 171
5 173
5 207
5 209
5 210
5 213
5 214
5 215
5 223
5 226
5 227
5 250
5 251
5 255
6 2
6 4
6 5
6 7
6 11
6 13
6 21
6 22
6 26
6 28
6 33
6 34
6 35
6 37
6 40
6 41
6 44
6 46
6 53
6 61
6 66
6 77
6 79
6 83
6 86
6 99
6 101
6 110
6 113
6 114
6 115
6 122
6 125
6 127
6 143
6 148
6 149
6 150
6 151
6 152
6 155
6 158
6 159
6 161
6 163
6 173
6 175
6 180
6 185
6 190
6 191
6 198
6 203
6 208
6 210
6 227
6 232
6 234
6 235
6 241
6 243
6 247
6 250
6 251
7 0
7 10
7 15
7 17
7 18
7 30
7 33
7 34
7 35
7 37
7 39
7 41
7 42
7 58
7 65
7 66
7 69
7 70
7 75
7 79
7 92
7 94
7 96
7 98
7 100
7 104
7 116
7 117
7 118
7 124
7 133
7 138
7 140
7 145
7 146
7 152
7 156
7 158
7 164
7 165
7 167
7 180
7 184
7 186
7 193
7 197
7 198
7 200
7 205
7 207
7 210
7 213
7 214
7 217
7 218
7 220
7 221
7 225
7 230
7 231
7 243
7 249
7 250
7 255
8 5
8 7
8 11
8 14
8 16
8 22
8 29
8 30
8 32
8 38
8 41
8 48
8 51
8 52
8 53
8 54
8 58
8 62
8 63
8 71
8 75
8 77
8 83
8 92
8 95
8 100
8 104
8 108
8 112
8 113
8 116
8 117
8 121
8 123
8 127
8 128
8 136
8 137
8 138
8 139
8 146
8 151
8 154
8 157
8 160
8 166
8 170
8 174
8 181
8 187
8 188
8 197
8 214
8 221
8 224
8 225
8 227
8 231
8 238
8 240
8 241
8 251
8 252
8 255
9 0
9 5
9 6
9 8
9 16
9 21
9 22
9 25
9 30
9 31
9 32
9 38
9 41
9 43
9 46
9 54
9 56
9 59
9 60
9 61
9 64
9 65
9 68
9 74
9 76
9 77
9 88
9 101
9 103
9 108
9 113
9 116
9 119
9 123
9 125
9 127
9 129
9 137
9 147
9 152
9 154
9 157
9 158
9 163
9 170
9 171
9 190
9 199
9 208
9 209
9 210
9 211
9 212
9 215
9 220
9 224
9 229
9 232
9 237
9 238
9 241
9 244
9 248
9 254
10 6
10 17
10 21
10 29
10 32
10 35
10 36
10 43
10 52
10 53
10 55
10 56
10 60
10 61
10 62
10 65
10 70
10 82
10 83
10 84
10 93
10 103
10 104
10 106
10 107
10 112
10 114
10 122
10 123
10 125
10 128
10 131
10 132
10 134
10 148
10 155
10 157
10 159
10 160
10 169
10 174
10 177
10 179
10 183
10 184
10 185
10 188
10 192
10 194
10 195
10 201
10 207
10 212
10 223
10 228
10 233
10 237
10 238
10 239
10 241
10 244
10 249
10 253
10 254
11 13
11 14
11 17
11 22
11 28
11 29
11 31
11 35
11 36
11 39
11 44
11 49
11 51
11 55
11 57
11 61
11 68
11 69
11 73
11 74
11 81
11 86
11 90
11 91
11 97
11 104
11 106
11 108
11 115
11 117
11 118
11 124
11 137
11 140
11 146
11 147
11 149
11 154
11 156
11 158
11 167
11 170
11 172
11 175
11 178
11 180
11 181
11 184
11 190
11 194
11 195
11 201
11 206
11 209
11 212
11 216
11 231
11 243
11 245
11 246
11 248
11 250
11 253
11 255
12 9
12 10
12 13
12 18
12 30
12 41
12 42
12 46
12 47
12 48
12 50
12 54
12 56
12 61
12 62
12 65
12 69
12 71
12 72
12 73
12 76
12 82
12 89
12 93
12 94
12 96
12 102
12 105
12 118
12 119
12 120
12 121
12 126
12 133
12 135
12 146
12 147
12 148
12 160
12 161
12 165
12 166
12 172
12 176
12 179
12 180
12 181
12 187
12 204
12 206
12 211
12 216
12 217
12 218
12 219
12 221
12 226
12 231
12 232
12 234
12 238
12 243
12 251
12 254
13 0
13 1
13 5
13 6
13 8
13 24
13 37
13 42
13 46
13 49
13 55
13 56
13 60
13 65
13 67
13 68
13 70
13 71
13 73
13 81
13 82
13 86
13 87
13 89
13 100
13 106
13 108
13 112
13 120
13 124
13 128
13 130
13 131
13 136
13 137
13 140
13 153
13 158
13 161
13 163
13 168
13 169
13 176
13 177
13 187
13 196
13 197
13 205
13 209
13 211
13 213
13 216
13 220
13 221
13 227
13 228
13 231
13 232
13 234
13 239
13 242
13 250
13 253
13 255
14 0
14 4
14 9
14 12
14 14
14 16
14 19
14 26
14 27
14 29
14 30
14 31
14 32
14 33
14 36
14 39
14 44
14 58
14 59
14 63
14 64
14 68
14 69
14 70
14 73
14 80
14 82
14 88
14 96
14 102
14 105
14 107
14 114
14 115
14 121
14 128
14 129
14 140
14 147
14 149
14 155
14 160
14 161
14 163
14 164
14 168
14 170
14 175
14 177
14 179
14 191
14 193
14 195
14 200
14 204
14 206
14 213
14 216
14 221
14 225
14 241
14 244
14 250
14 253
15 3
15 23
15 29
15 31
15 35
15 36
15 41
15 44
15 49
15 54
15 58
15 61
15 66
15 67
15 68
15 69
15 70
15 77
15 78
15 79
15 80
15 81
15 86
15 88
15 90
15 106
15 110
15 113
15 115
15 118
15 119
15 128
15 133
15 146
15 149
15 155
15 161
15 164
15 168
15 175
15 177
15 181
15 186
15 190
15 195
15 197
15 198
15 207
15 208
15 214
15 216
15 219
15 221
15 223
15 227
15 229
15 231
15 232
15 236
15 241
15 243
15 247
15 251
15 252
16 1
16 5
16 7
16 11
16 19
16 35
16 36
16 38
16 39
16 40
16 41
16 44
16 50
16 54
16 58
16 59
16 60
16 67
16 72
16 75
16 81
16 89
16 91
16 92
16 93
16 96
16 106
16 108
16 109
16 121
16 122
16 123
16 127
16 131
16 136
16 138
16 140
16 142
16 143
16 146
16 149
16 150
16 154
16 155
16 158
16 160
16 167
16 180
16 196
16 202
16 213
16 216
16 217
16 224
16 225
16 232
16 234
16 235
16 237
16 240
16 241
16 242
16 253
16 254
17 10
17 11
17 13
17 22
17 24
17 27
17 30
17 31
17 33
17 34
17 39
17 46
17 51
17 54
17 58
17 59
17 64
17 67
17 73
17 77
17 79
17 81
17 82
17 86
17 90
17 91
17 92
17 94
17 95
17 96
17 98
17 99
17 104
17 107
17 112
17 113
17 114
17 116
17 119
17 128
17 135
17 139
17 142
17 143
17 145
17 146
17 147
17 156
17 158
17 162
17 171
17 174
17 178
17 180
17 185
17 191
17 194
17 199
17 206
17 207
17 218
17 228
17 230
17 251
18 0
18 1
18 12
18 13
18 14
18 17
18 22
18 24
18 30
18 31
18 32
18 35
18 39
18 41
18 44
18 50
18 52
18 61
18 71
18 73
18 74
18 75
18 81
18 83
18 87
18 89
18 90
18 92
18 93
18 103
18 104
18 106
18 111
18 114
18 115
18 120
18 122
18 124
18 138
18 140
18 159
18 165
18 168
18 175
18 179
18 184
18 191
18 192
18 198
18 207
18 210
18 211
18 212
18 214
18 219
18 220
18 221
18 225
18 229
18 231
18 236
18 240
18 244
18 245
19 0
19 5
19 15
19 16
19 21
19 26
19 32
19 34
19 48
19 50
19 57
19 66
19 71
19 72
19 76
19 77
19 78
19 80
19 82
19 87
19 95
19 113
19 115
19 124
19 125
19 129
19 131
19 132
19 135
19 143
19 144
19 145
19 146
19 155
19 156
19 162
19 166
19 167
19 169
19 171
19 172
19 178
19 179
19 188
19 191
19 192
19 195
19 196
19 199
19 206
19 209
19 212
19 217
19 219
19 225
19 227
19 230
19 232
19 234
19 239
19 240
19 241
19 242
19 248
20 1
20 2
20 5
20 6
20 15
20 17
20 20
20 28
20 42
20 44
20 46
20 47
20 52
20 58
20 63
20 65
20 82
20 84
20 87
20 89
20 90
20 102
20 105
20 113
20 117
20 120
20 121
20 123
20 126
20 128
20 138
20 141
20 147
20 150
20 155
20 157
20 168
20 170
20 171
20 172
20 174
20 175
20 177
20 178
20 180
20 188
20 189
20 193
20 194
20 195
20 197
20 198
20 204
20 209
20 214
20 222
20 224
20 226
20 231
20 239
20 243
20 244
20 249
20 253
21 2
21 3
21 6
21 13
21 18
21 21
21 25
21 26
21 27
21 29
21 31
21 37
21 39
21 40
21 41
21 43
21 44
21 51
21 70
21 84
21 87
21 88
21 96
21 97
21 100
21 104
21 108
21 113
21 120
21 126
21 133
21 136
21 137
21 147
21 149
21 152
21 163
21 164
21 171
21 174
21 175
21 182
21 185
21 186
21 187
21 197
21 199
21 205
21 206
21 209
21 221
21 222
21 226
21 227
21 231
21 232
21 233
21 237
21 239
21 240
21 244
21 253
21 254
21 255
22 4
22 5
22 8
22 13
22 22
22 26
22 28
22 29
22 35
22 36
22 38
22 44
22 49
22 53
22 54
22 67
22 68
22 70
22 78
22 83
22 84
22 85
22 88
22 95
22 96
22 97
22 101
22 106
22 118
22 123
22 126
22 129
22 131
22 136
22 140
22 142
22 143
22 151
22 152
22 154
22 161
22 162
22 168
22 171
22 172
22 177
22 178
22 179
22 183
22 185
22 186
22 188
22 198
22 199
22 203
22 207
22 211
22 213
22 216
22 226
22 228
22 229
22 251
22 252
23 3
23 4
23 7
23 9
23 12
23 20
23 22
23 28
23 31
23 33
23 34
23 37
23 40
23 43
23 44
23 45
23 59
23 63
23 66
23 71
23 72
23 73
23 76
23 77
23 79
23 81
23 83
23 87
23 89
23 94
23 98
23 102
23 105
23 106
23 112
23 116
23 120
23 121
23 137
23 142
23 144
23 146
23 149
23 150
23 158
23 166
23 169
23 176
23 185
23 196
23 200
23 202
23 203
23 209
23 216
23 219
23 222
23 226
23 229
23 231
23 232
23 235
23 249
23 255
24 2
24 4
24 5
24 8
24 10
24 24
24 25
24 29
24 30
24 31
24 32
24 33
24 41
24 45
24 48
24 49
24 53
24 54
24 62
24 65
24 66
24 69
24 74
24 82
24 85
24 91
24 94
24 95
24 97
24 111
24 113
24 133
24 144
24 145
24 150
24 156
24 163
24 169
24 170
24 171
24 172
24 174
24 175
24 178
24 193
24 194
24 196
24 197
24 199
24 204
24 206
24 207
24 213
24 215
24 217
24 219
24 223
24 225
24 226
24 230
24 234
24 235
24 247
24 254
25 3
25 8
25 10
25 11
25 13
25 15
25 21
25 22
25 25
25 28
25 29
25 35
25 38
25 42
25 45
25 47
25 48
25 49
25 50
25 72
25 75
25 76
25 79
25 93
25 97
25 98
25 101
25 107
25 116
25 118
25 123
25 125
25 127
25 129
25 132
25 134
25 135
25 137
25 138
25 147
25 150
25 160
25 161
25 164
25 165
25 170
25 172
25 177
25 179
25 180
25 187
25 189
25 193
25 196
25 202
25 203
25 208
25 224
25 228
25 235
25 245
25 246
25 248
25 250
26 2
26 7
26 9
26 13
26 16
26 21
26 24
26 25
26 27
26 30
26 32
26 33
26 41
26 42
26 43
26 50
26 51
26 59
26 65
26 75
26 81
26 84
26 94
26 95
26 98
26 99
26 104
26 106
26 112
26 114
26 122
26 123
26 124
26 130
26 134
26 135
26 137
26 139
26 140
26 144
26 147
26 151
26 161
26 170
26 175
26 177
26 180
26 182
26 186
26 189
26 199
26 200
26 208
26 212
26 222
26 224
26 231
26 235
26 242
26 246
26 247
26 248
26 252
26 255
27 4
27 11
27 13
27 16
27 18
27 19
27 21
27 22
27 23
27 25
27 42
27 45
27 51
27 55
27 56
27 64
27 65
27 70
27 71
27 78
27 79
27 81
27 84
27 86
27 89
27 91
27 93
27 96
27 97
27 103
27 110
27 111
27 120
27 124
27 127
27 128
27 132
27 135
27 136
27 141
27 147
27 153
27 154
27 159
27 161
27 164
27 169
27 171
27 180
27 182
27 186
27 193
27 197
27 200
27 206
27 208
27 214
27 215
27 223
27 224
27 237
27 238
27 241
27 251
28 16
28 17
28 25
28 27
28 30
28 39
28 40
28 42
28 44
28 49
28 50
28 51
28 55
28 57
28 62
28 63
28 70
28 73
28 79
28 98
28 103
28 105
28 114
28 116
28 117
28 120
28 123
28 124
28 129
28 134
28 135
28 136
28 139
28 140
28 141
28 142
28 143
28 148
28 150
28 155
28 157
28 159
28 167
28 172
28 175
28 183
28 184
28 185
28 187
28 193
28 195
28 199
28 203
28 205
28 206
28 210
28 215
28 216
28 219
28 222
28 223
28 228
28 236
28 238
29 5
29 15
29 16
29 21
29 22
29 23
29 27
29 32
29 37
29 38
29 41
29 42
29 45
29 48
29 52
29 53
29 56
29 67
29 71
29 79
29 80
29 87
29 88
29 89
29 90
29 96
29 99
29 100
29 107
29 113
29 114
29 120
29 122
29 125
29 127
29 131
29 133
29 134
29 137
29 143
29 144
29 150
29 151
29 155
29 162
29 163
29 168
29 176
29 179
29 198
29 203
29 208
29 209
29 210
29 218
29 219
29 222
29 225
29 227
29 229
29 234
29 237
29 245
29 248
30 1
30 3
30 4
30 10
30 16
30 24
30 25
30 30
30 35
30 47
30 53
30 55
30 57
30 65
30 70
30 71
30 74
30 76
30 79
30 81
30 86
30 90
30 93
30 97
30 102
30 105
30 107
30 110
30 119
30 120
30 125
30 127
30 130
30 133
30 139
30 144
30 153
30 165
30 166
30 169
30 171
30 174
30 175
30 178
30 185
30 187
30 188
30 189
30 193
30 202
30 203
30 204
30 205
30 210
30 211
30 214
30 219
30 226
30 227
30 231
30 237
30 241
30 242
30 247
31 2
31 3
31 5
31 7
31 20
31 24
31 25
31 26
31 29
31 32
31 36
31 41
31 44
31 53
31 56
31 58
31 61
31 63
31 65
31 66
31 68
31 69
31 72
31 77
31 79
31 83
31 86
31 90
31 92
31 95
31 98
31 115
31 117
31 119
31 131
31 136
31 145
31 146
31 149
31 150
31 154
31 158
31 163
31 165
31 167
31 170
31 180
31 187
31 201
31 205
31 211
31 212
31 213
31 215
31 217
31 218
31 228
31 230
31 231
31 236
31 238
31 239
31 254
31 255
32 1
32 9
32 14
32 16
32 19
32 28
32 29
32 31
32 35
32 37
32 38
32 41
32 42
32 44
32 48
32 50
32 57
32 59
32 62
32 64
32 65
32 71
32 85
32 86
32 89
32 90
32 91
32 100
32 103
32 105
32 108
32 110
32 114
32 115
32 116
32 124
32 128
32 131
32 132
32 137
32 144
32 148
32 150
32 154
32 159
32 162
32 163
32 169
32 179
32 182
32 185
32 189
32 200
32 201
32 202
32 211
32 222
32 223
32 228
32 230
32 238
32 241
32 242
32 247
33 0
33 1
33 2
33 3
33 7
33 10
33 13
33 17
33 23
33 24
33 33
33 35
33 37
33 42
33 46
33 48
33 52
33 69
33 70
33 72
33 81
33 83
33 85
33 89
33 90
33 93
33 96
33 97
33 98
33 101
33 102
33 109
33 119
33 122
33 125
33 126
33 133
33 135
33 136
33 146
33 148
33 149
33 151
33 161
33 163
33 164
33 169
33 173
33 179
33 183
33 192
33 197
33 201
33 202
33 204
33 205
33 207
33 210
33 218
33 224
33 234
33 240
33 243
33 245
34 7
34 9
34 21
34 22
34 23
34 25
34 26
34 28
34 36
34 40
34 41
34 43
34 44
34 46
34 47
34 48
34 49
34 55
34 61
34 71
34 73
34 76
34 78
34 79
34 80
34 88
34 101
34 104
34 105
34 112
34 118
34 122
34 125
34 128
34 135
34 138
34 139
34 146
34 151
34 155
34 160
34 165
34 166
34 168
34 174
34 175
34 182
34 189
34 190
34 192
34 202
34 203
34 205
34 216
34 218
34 221
34 222
34 240
34 244
34 247
34 248
34 250
34 254
34 255
35 3
35 6
35 7
35 10
35 11
35 14
35 23
35 27
35 29
35 33
35 39
35 40
35 44
35 46
35 52
35 56
35 58
35 62
35 66
35 71
35 72
35 74
35 83
35 92
35 104
35 112
35 119
35 124
35 128
35 132
35 137
35 140
35 141
35 145
35 147
35 148
35 150
35 152
35 153
35 154
35 169
35 173
35 183
35 184
35 188
35 190
35 192
35 195
35 197
35 199
35 200
35 204
35 205
35 206
35 213
35 220
35 228
35 230
35 231
35 236
35 241
35 242
35 246
35 250
36 1
36 6
36 12
36 15
36 26
36 29
36 31
36 33
36 37
36 43
36 44
36 45
36 46
36 52
36 53
36 56
36 57
36 60
36 63
36 64
36 71
36 92
36 95
36 96
36 97
36 102
36 105
36 108
36 113
36 135
36 138
36 148
36 151
36 152
36 157
36 160
36 164
36 167
36 170
36 177
36 181
36 183
36 186
36 188
36 192
36 193
36 194
36 195
36 200
36 209
36 213
36 214
36 223
36 229
36 230
36 234
36 235
36 237
36 243
36 246
36 249
36 251
36 253
36 254
37 10
37 11
37 14
37 15
37 18
37 19
37 25
37 28
37 32
37 34
37 39
37 48
37 54
37 61
37 64
37 68
37 69
37 75
37 80
37 85
37 86
37 91
37 92
37 95
37 96
37 97
37 103
37 110
37 111
37 129
37 130
37 133
37 140
37 141
37 146
37 148
37 149
37 150
37 156
37 158
37 161
37 162
37 164
37 167
37 171
37 180
37 182
37 185
37 189
37 192
37 194
37 195
37 201
37 207
37 212
37 217
37 219
37 220
37 229
37 231
37 233
37 235
37 245
37 248
38 4
38 6
38 9
38 13
38 15
38 21
38 24
38 29
38 32
38 36
38 43
38 44
38 46
38 49
38 55
38 66
38 70
38 71
38 91
38 93
38 96
38 97
38 101
38 105
38 106
38 111
38 113
38 116
38 125
38 133
38 140
38 142
38 146
38 151
38 158
38 163
38 178
38 179
38 180
38 189
38 190
38 192
38 194
38 195
38 196
38 198
38 200
38 204
38 207
38 209
38 211
38 220
38 232
38 233
38 234
38 235
38 236
38 237
38 241
38 245
38 246
38 249
38 251
38 252
39 2
39 8
39 9
39 14
39 17
39 20
39 23
39 36
39 45
39 46
39 50
39 51
39 52
39 53
39 73
39 77
39 80
39 81
39 83
39 85
39 97
39 102
39 103
39 105
39 112
39 120
39 121
39 122
39 126
39 142
39 143
39 144
39 149
39 150
39 152
39 153
39 155
39 159
39 163
39 166
39 167
39 173
39 174
39 176
39 181
39 182
39 185
39 186
39 189
39 191
39 195
39 196
39 199
39 212
39 213
39 218
39 224
39 225
39 235
39 247
39 248
39 251
39 253
39 255
40 2
40 9
40 13
40 18
40 20
40 24
40 25
40 31
40 32
40 38
40 42
40 44
40 52
40 54
40 56
40 58
40 59
40 65
40 66
40 73
40 79
40 82
40 85
40 89
40 90
40 91
40 108
40 120
40 122
40 123
40 124
40 131
40 132
40 138
40 139
40 140
40 148
40 149
40 160
40 166
40 170
40 172
40 174
40 178
40 179
40 183
40 184
40 185
40 196
40 197
40 200
40 202
40 210
40 213
40 219
40 223
40 227
40 229
40 234
40 239
40 241
40 242
40 254
40 255
41 11
41 12
41 15
41 18
41 20
41 22
41 24
41 29
41 30
41 33
41 36
41 38
41 40
41 46
41 53
41 58
41 62
41 64
41 66
41 69
41 82
41 90
41 100
41 102
41 103
41 106
41 108
41 109
41 114
41 117
41 122
41 130
41 131
41 135
41 142
41 146
41 147
41 150
41 177
41 180
41 181
41 185
41 187
41 192
41 193
41 197
41 199
41 207
41 209
41 218
41 220
41 221
41 224
41 225
41 228
41 230
41 234
41 236
41 240
41 242
41 244
41 247
41 252
41 255
42 1
42 4
42 5
42 10
42 14
42 16
42 17
42 18
42 23
42 31
42 34
42 39
42 43
42 47
42 51
42 56
42 57
42 58
42 64
42 65
42 69
42 80
42 85
42 86
42 88
42 95
42 98
42 101
42 102
42 108
42 110
42 115
42 121
42 142
42 143
42 148
42 152
42 157
42 163
42 166
42 170
42 172
42 173
42 175
42 181
42 183
42 187
42 188
42 195
42 196
42 197
42 199
42 200
42 201
42 204
42 211
42 214
42 220
42 223
42 230
42 235
42 239
42 245
42 252
