3 1
3 2
3 5
3 7
3 8
3 12
3 15
3 16
3 17
3 22
3 24
3 29
3 30
3 32
3 33
3 36
3 39
3 40
3 44
3 46
3 47
3 53
3 55
3 58
3 59
3 62
3 65
3 69
3 76
3 78
3 80
3 82
3 88
3 91
3 93
3 98
3 100
3 103
3 104
3 110
3 113
3 117
3 121
3 125
3 126
3 128
3 130
3 132
3 139
3 140
3 146
3 149
3 151
3 152
3 158
3 159
3 160
3 161
3 162
3 164
3 167
3 170
3 174
3 179
3 180
3 181
3 182
3 183
3 185
3 186
3 189
3 190
3 191
3 192
3 195
3 197
3 204
3 205
3 207
3 211
3 214
3 215
3 216
3 219
3 220
3 221
3 222
3 224
3 228
3 230
3 236
3 239
3 246
3 250
3 253
3 255
4 48
4 49
4 52
4 57
4 58
4 59
4 60
4 61
4 62
4 67
4 71
4 72
4 74
4 75
4 79
4 80
4 82
4 84
4 85
4 86
4 89
4 92
4 95
4 96
4 99
4 105
4 107
4 112
4 115
4 116
4 124
4 125
4 129
4 130
4 131
4 132
4 133
4 135
4 136
4 138
4 141
4 143
4 145
4 147
4 149
4 150
4 152
4 153
4 155
4 158
4 160
4 162
4 163
4 165
4 166
4 168
4 169
4 171
4 173
4 174
4 176
4 178
4 179
4 180
4 184
4 185
4 187
4 191
4 192
4 193
4 194
4 200
4 202
4 204
4 205
4 207
4 211
4 213
4 215
4 219
4 221
4 222
4 225
4 226
4 229
4 231
4 232
4 235
4 239
4 240
4 243
4 245
4 246
4 247
4 253
4 254
5 0
5 4
5 7
5 9
5 17
5 23
5 25
5 26
5 31
5 33
5 37
5 39
5 43
5 46
5 48
5 50
5 51
5 52
5 54
5 57
5 66
5 67
5 68
5 70
5 71
5 72
5 75
5 78
5 81
5 83
5 85
5 87
5 88
5 89
5 90
5 91
5 100
5 103
5 104
5 105
5 106
5 108
5 111
5 114
5 115
5 116
5 118
5 120
5 121
5 124
5 128
5 132
5 133
5 136
5 139
5 144
5 145
5 147
5 152
5 153
5 154
5 156
5 157
5 158
5 167
5 168
5 170
5 177
5 178
5 182
5 185
5 187
5 189
5 190
5 192
5 196
5 198
5 200
5 204
5 205
5 213
5 214
5 219
5 223
5 227
5 230
5 231
5 233
5 234
5 238
5 239
5 242
5 246
5 247
5 248
5 250
6 2
6 7
6 11
6 18
6 19
6 25
6 26
6 33
6 35
6 36
6 37
6 39
6 40
6 41
6 44
6 46
6 48
6 55
6 59
6 63
6 69
6 72
6 74
6 77
6 78
6 81
6 82
6 84
6 86
6 88
6 93
6 97
6 99
6 102
6 104
6 105
6 106
6 107
6 110
6 113
6 114
6 115
6 116
6 117
6 121
6 122
6 124
6 126
6 129
6 133
6 141
6 143
6 148
6 149
6 150
6 151
6 153
6 154
6 155
6 157
6 159
6 161
6 163
6 164
6 169
6 171
6 172
6 173
6 176
6 180
6 181
6 190
6 199
6 203
6 206
6 208
6 210
6 211
6 215
6 221
6 225
6 226
6 227
6 229
6 232
6 234
6 235
6 237
6 240
6 241
6 243
6 244
6 245
6 246
6 247
6 249
7 34
7 38
7 39
7 42
7 44
7 46
7 50
7 53
7 55
7 57
7 58
7 60
7 62
7 64
7 66
7 71
7 72
7 74
7 75
7 77
7 80
7 82
7 85
7 91
7 92
7 94
7 95
7 96
7 97
7 98
7 99
7 102
7 106
7 107
7 109
7 111
7 114
7 116
7 117
7 119
7 120
7 121
7 124
7 127
7 128
7 130
7 131
7 133
7 134
7 136
7 138
7 143
7 144
7 145
7 146
7 149
7 150
7 152
7 156
7 158
7 159
7 163
7 164
7 166
7 178
7 179
7 181
7 183
7 185
7 198
7 202
7 203
7 206
7 207
7 208
7 215
7 217
7 218
7 219
7 221
7 222
7 224
7 225
7 226
7 227
7 228
7 229
7 230
7 231
7 234
7 236
7 239
7 240
7 243
7 245
7 246
8 24
8 26
8 27
8 29
8 30
8 31
8 40
8 44
8 48
8 49
8 50
8 51
8 53
8 58
8 61
8 62
8 63
8 64
8 65
8 68
8 70
8 75
8 77
8 79
8 86
8 88
8 89
8 92
8 93
8 95
8 99
8 100
8 104
8 107
8 108
8 111
8 112
8 118
8 119
8 121
8 123
8 127
8 128
8 129
8 132
8 136
8 138
8 139
8 140
8 144
8 145
8 148
8 149
8 153
8 155
8 156
8 160
8 163
8 166
8 167
8 169
8 171
8 173
8 178
8 180
8 181
8 182
8 183
8 186
8 188
8 190
8 196
8 198
8 201
8 206
8 207
8 208
8 209
8 214
8 216
8 220
8 221
8 222
8 224
8 230
8 231
8 233
8 237
8 238
8 240
8 241
8 243
8 244
8 245
8 252
8 254
9 0
9 1
9 6
9 8
9 9
9 16
9 19
9 22
9 23
9 27
9 29
9 30
9 31
9 37
9 38
9 39
9 40
9 43
9 45
9 46
9 48
9 54
9 56
9 61
9 64
9 66
9 67
9 68
9 73
9 76
9 77
9 85
9 89
9 91
9 92
9 94
9 96
9 98
9 107
9 111
9 114
9 115
9 117
9 118
9 127
9 129
9 133
9 134
9 139
9 142
9 143
9 144
9 145
9 148
9 151
9 152
9 153
9 154
9 157
9 158
9 159
9 160
9 163
9 164
9 165
9 168
9 170
9 171
9 176
9 182
9 183
9 190
9 196
9 197
9 200
9 201
9 205
9 207
9 208
9 210
9 211
9 214
9 224
9 225
9 227
9 234
9 236
9 237
9 240
9 241
9 243
9 244
9 248
9 249
9 250
9 252
10 4
10 5
10 12
10 17
10 26
10 32
10 36
10 39
10 43
10 48
10 50
10 51
10 52
10 53
10 54
10 55
10 64
10 65
10 67
10 70
10 73
10 76
10 78
10 79
10 83
10 85
10 87
10 90
10 97
10 99
10 103
10 104
10 108
10 110
10 112
10 122
10 123
10 125
10 126
10 134
10 139
10 141
10 143
10 146
10 147
10 148
10 152
10 154
10 155
10 156
10 158
10 159
10 160
10 165
10 167
10 168
10 169
10 171
10 174
10 177
10 178
10 179
10 181
10 183
10 184
10 185
10 189
10 190
10 191
10 192
10 193
10 194
10 195
10 205
10 208
10 209
10 212
10 218
10 220
10 224
10 225
10 226
10 227
10 228
10 229
10 230
10 233
10 236
10 238
10 239
10 241
10 246
10 249
10 250
10 252
10 253
11 37
11 38
11 39
11 43
11 44
11 45
11 49
11 50
11 52
11 53
11 55
11 56
11 57
11 60
11 61
11 64
11 65
11 67
11 74
11 75
11 76
11 77
11 78
11 81
11 84
11 86
11 87
11 88
11 90
11 91
11 92
11 95
11 101
11 103
11 106
11 108
11 109
11 110
11 116
11 121
11 123
11 125
11 126
11 130
11 132
11 137
11 139
11 140
11 143
11 146
11 147
11 148
11 149
11 154
11 157
11 158
11 160
11 164
11 166
11 167
11 177
11 178
11 181
11 188
11 196
11 197
11 200
11 201
11 203
11 205
11 208
11 209
11 212
11 213
11 215
11 216
11 217
11 218
11 229
11 230
11 233
11 236
11 238
11 239
11 240
11 241
11 242
11 243
11 244
11 245
11 249
11 251
11 252
11 253
11 254
11 255
12 24
12 27
12 34
12 38
12 40
12 41
12 42
12 46
12 48
12 51
12 55
12 56
12 57
12 60
12 62
12 63
12 65
12 68
12 69
12 72
12 73
12 76
12 77
12 78
12 79
12 83
12 88
12 89
12 91
12 94
12 98
12 101
12 102
12 103
12 104
12 106
12 107
12 109
12 115
12 116
12 118
12 119
12 120
12 123
12 125
12 130
12 133
12 146
12 147
12 150
12 152
12 158
12 160
12 161
12 163
12 166
12 175
12 176
12 180
12 182
12 188
12 189
12 191
12 194
12 195
12 196
12 197
12 198
12 199
12 201
12 204
12 206
12 207
12 208
12 212
12 213
12 214
12 215
12 216
12 218
12 219
12 221
12 224
12 225
12 226
12 232
12 234
12 236
12 240
12 242
12 247
12 250
12 251
12 252
12 253
12 254
13 17
13 20
13 21
13 22
13 25
13 26
13 30
13 31
13 34
13 35
13 37
13 39
13 42
13 45
13 46
13 50
13 51
13 56
13 58
13 60
13 61
13 63
13 67
13 69
13 70
13 71
13 73
13 76
13 79
13 80
13 83
13 84
13 86
13 88
13 89
13 90
13 92
13 103
13 105
13 106
13 112
13 113
13 114
13 116
13 117
13 123
13 124
13 128
13 131
13 138
13 140
13 141
13 143
13 151
13 153
13 161
13 162
13 163
13 172
13 174
13 175
13 176
13 178
13 181
13 183
13 187
13 188
13 189
13 196
13 197
13 202
13 205
13 207
13 208
13 209
13 211
13 213
13 214
13 216
13 218
13 221
13 222
13 225
13 226
13 229
13 231
13 239
13 240
13 241
13 242
13 246
13 247
13 251
13 252
13 253
13 255
14 43
14 44
14 45
14 47
14 48
14 53
14 58
14 59
14 61
14 62
14 65
14 68
14 71
14 74
14 77
14 80
14 82
14 85
14 86
14 90
14 92
14 93
14 94
14 95
14 98
14 103
14 105
14 109
14 110
14 112
14 114
14 115
14 117
14 119
14 123
14 125
14 127
14 128
14 129
14 134
14 135
14 136
14 138
14 140
14 142
14 143
14 144
14 148
14 154
14 155
14 157
14 159
14 160
14 161
14 162
14 163
14 170
14 171
14 172
14 174
14 175
14 177
14 179
14 180
14 183
14 186
14 189
14 190
14 191
14 192
14 193
14 194
14 195
14 197
14 202
14 203
14 204
14 207
14 212
14 213
14 217
14 218
14 221
14 223
14 230
14 231
14 232
14 233
14 237
14 241
14 243
14 244
14 250
14 252
14 253
14 254
15 49
15 50
15 51
15 54
15 55
15 56
15 57
15 58
15 61
15 62
15 67
15 68
15 69
15 70
15 72
15 73
15 74
15 76
15 78
15 80
15 81
15 86
15 98
15 99
15 103
15 105
15 108
15 113
15 114
15 115
15 117
15 119
15 120
15 121
15 124
15 125
15 126
15 130
15 131
15 132
15 135
15 136
15 138
15 142
15 143
15 144
15 149
15 152
15 155
15 158
15 164
15 166
15 168
15 170
15 171
15 175
15 179
15 181
15 182
15 187
15 190
15 193
15 195
15 197
15 202
15 203
15 206
15 207
15 208
15 210
15 211
15 212
15 214
15 216
15 217
15 219
15 221
15 222
15 223
15 224
15 225
15 227
15 228
15 229
15 230
15 231
15 232
15 236
15 238
15 239
15 241
15 243
15 247
15 251
15 252
15 254
16 54
16 55
16 59
16 60
16 62
16 66
16 67
16 68
16 69
16 70
16 72
16 73
16 75
16 79
16 80
16 81
16 83
16 87
16 88
16 89
16 90
16 92
16 93
16 95
16 96
16 98
16 99
16 101
16 104
16 108
16 109
16 110
16 111
16 114
16 116
16 117
16 118
16 121
16 122
16 123
16 124
16 125
16 126
16 133
16 134
16 136
16 137
16 138
16 140
16 142
16 143
16 146
16 147
16 148
16 149
16 150
16 151
16 152
16 153
16 156
16 157
16 159
16 160
16 161
16 167
16 171
16 178
16 180
16 183
16 191
16 193
16 196
16 197
16 199
16 200
16 201
16 202
16 204
16 207
16 210
16 214
16 215
16 216
16 217
16 218
16 219
16 224
16 225
16 226
16 232
16 233
16 236
16 237
16 241
16 246
16 249
17 45
17 46
17 48
17 49
17 50
17 51
17 52
17 53
17 54
17 55
17 56
17 59
17 60
17 62
17 63
17 64
17 67
17 73
17 74
17 76
17 82
17 84
17 89
17 91
17 93
17 94
17 95
17 96
17 100
17 102
17 103
17 107
17 112
17 116
17 117
17 118
17 119
17 122
17 128
17 130
17 131
17 132
17 134
17 136
17 139
17 141
17 143
17 144
17 149
17 151
17 152
17 156
17 158
17 159
17 160
17 161
17 162
17 168
17 169
17 172
17 174
17 175
17 180
17 184
17 189
17 191
17 192
17 193
17 197
17 199
17 205
17 206
17 207
17 209
17 211
17 213
17 216
17 217
17 220
17 221
17 223
17 227
17 228
17 229
17 230
17 232
17 233
17 235
17 238
17 242
17 244
17 247
17 250
17 251
17 252
17 254
18 68
18 69
18 70
18 71
18 72
18 77
18 78
18 84
18 91
18 92
18 95
18 98
18 103
18 104
18 106
18 108
18 109
18 111
18 112
18 113
18 114
18 115
18 116
18 117
18 118
18 119
18 120
18 121
18 122
18 123
18 124
18 125
18 126
18 129
18 131
18 132
18 138
18 140
18 141
18 144
18 146
18 147
18 148
18 153
18 155
18 159
18 164
18 165
18 170
18 171
18 172
18 174
18 175
18 177
18 178
18 180
18 181
18 188
18 189
18 191
18 192
18 194
18 195
18 196
18 200
18 202
18 203
18 204
18 207
18 210
18 212
18 214
18 218
18 219
18 220
18 221
18 222
18 223
18 226
18 227
18 228
18 229
18 230
18 231
18 235
18 236
18 237
18 240
18 243
18 244
18 245
18 248
18 249
18 250
18 252
18 254
19 1
19 2
19 8
19 14
19 15
19 16
19 18
19 21
19 29
19 32
19 34
19 46
19 48
19 50
19 51
19 52
19 54
19 55
19 57
19 58
19 63
19 65
19 69
19 71
19 72
19 75
19 76
19 78
19 79
19 83
19 89
19 90
19 93
19 94
19 95
19 100
19 102
19 104
19 106
19 108
19 113
19 114
19 115
19 118
19 121
19 124
19 125
19 126
19 128
19 132
19 135
19 143
19 144
19 145
19 146
19 147
19 149
19 151
19 152
19 153
19 162
19 164
19 166
19 167
19 169
19 171
19 172
19 175
19 180
19 184
19 188
19 195
19 197
19 198
19 199
19 201
19 205
19 206
19 207
19 209
19 214
19 215
19 223
19 225
19 227
19 229
19 230
19 231
19 232
19 235
19 237
19 239
19 240
19 241
19 244
19 248
20 62
20 63
20 66
20 67
20 68
20 71
20 76
20 80
20 81
20 82
20 84
20 89
20 90
20 92
20 94
20 97
20 100
20 104
20 105
20 107
20 108
20 110
20 113
20 117
20 119
20 120
20 121
20 122
20 123
20 125
20 126
20 127
20 132
20 133
20 134
20 135
20 136
20 138
20 139
20 140
20 143
20 148
20 150
20 152
20 153
20 154
20 155
20 157
20 158
20 160
20 161
20 166
20 169
20 170
20 172
20 173
20 176
20 177
20 179
20 180
20 183
20 185
20 186
20 188
20 189
20 190
20 192
20 194
20 195
20 198
20 204
20 208
20 209
20 212
20 214
20 217
20 221
20 222
20 224
20 226
20 227
20 228
20 230
20 231
20 232
20 235
20 236
20 237
20 238
20 240
20 241
20 245
20 246
20 249
20 252
20 255
21 40
21 41
21 47
21 51
21 53
21 58
21 63
21 66
21 67
21 70
21 71
21 76
21 77
21 78
21 79
21 82
21 83
21 88
21 90
21 91
21 92
21 96
21 98
21 100
21 101
21 104
21 107
21 108
21 110
21 112
21 113
21 114
21 116
21 119
21 120
21 125
21 126
21 128
21 133
21 137
21 139
21 140
21 143
21 144
21 146
21 147
21 149
21 153
21 154
21 157
21 159
21 160
21 162
21 163
21 164
21 165
21 166
21 169
21 171
21 172
21 174
21 175
21 178
21 180
21 181
21 182
21 186
21 187
21 189
21 190
21 191
21 192
21 195
21 196
21 197
21 198
21 206
21 207
21 209
21 212
21 214
21 215
21 218
21 220
21 223
21 224
21 225
21 228
21 229
21 230
21 232
21 233
21 237
21 242
21 253
21 255
22 35
22 36
22 40
22 47
22 49
22 51
22 53
22 54
22 55
22 56
22 58
22 60
22 62
22 67
22 69
22 70
22 74
22 75
22 78
22 79
22 82
22 85
22 86
22 88
22 92
22 93
22 94
22 95
22 96
22 101
22 102
22 104
22 116
22 120
22 121
22 123
22 124
22 125
22 127
22 128
22 129
22 131
22 136
22 141
22 143
22 145
22 146
22 149
22 150
22 151
22 152
22 154
22 158
22 161
22 162
22 164
22 165
22 167
22 168
22 169
22 171
22 175
22 176
22 177
22 179
22 182
22 184
22 185
22 189
22 190
22 191
22 192
22 196
22 200
22 202
22 204
22 207
22 208
22 209
22 211
22 213
22 217
22 218
22 221
22 226
22 227
22 228
22 231
22 232
22 237
22 243
22 244
22 245
22 248
22 249
22 251
23 21
23 22
23 23
23 24
23 30
23 34
23 35
23 41
23 43
23 46
23 48
23 51
23 55
23 56
23 59
23 62
23 66
23 67
23 72
23 75
23 77
23 79
23 83
23 85
23 86
23 87
23 89
23 90
23 91
23 94
23 95
23 99
23 102
23 109
23 110
23 112
23 114
23 115
23 116
23 117
23 119
23 120
23 121
23 123
23 126
23 127
23 128
23 133
23 137
23 138
23 143
23 145
23 146
23 149
23 150
23 152
23 157
23 162
23 163
23 169
23 171
23 174
23 176
23 178
23 179
23 181
23 183
23 184
23 191
23 192
23 195
23 196
23 199
23 200
23 201
23 202
23 203
23 204
23 205
23 212
23 214
23 215
23 217
23 219
23 222
23 224
23 227
23 229
23 230
23 231
23 232
23 238
23 241
23 243
23 250
23 255
24 55
24 57
24 60
24 66
24 68
24 70
24 72
24 74
24 75
24 80
24 82
24 83
24 84
24 87
24 88
24 91
24 92
24 93
24 95
24 99
24 102
24 103
24 107
24 108
24 111
24 113
24 117
24 121
24 122
24 126
24 128
24 131
24 136
24 137
24 141
24 143
24 144
24 145
24 146
24 148
24 149
24 150
24 153
24 157
24 158
24 159
24 161
24 163
24 164
24 165
24 166
24 168
24 169
24 170
24 171
24 173
24 178
24 179
24 184
24 185
24 187
24 191
24 194
24 197
24 199
24 202
24 205
24 206
24 208
24 210
24 211
24 212
24 213
24 214
24 217
24 219
24 221
24 225
24 226
24 229
24 230
24 232
24 234
24 237
24 238
24 239
24 241
24 243
24 244
24 245
24 249
24 250
24 251
24 252
24 254
24 255
25 27
25 28
25 29
25 30
25 31
25 34
25 35
25 36
25 37
25 38
25 42
25 45
25 47
25 52
25 56
25 58
25 59
25 62
25 63
25 67
25 70
25 72
25 75
25 77
25 79
25 80
25 83
25 87
25 90
25 95
25 97
25 98
25 100
25 101
25 102
25 103
25 105
25 106
25 107
25 109
25 112
25 114
25 118
25 121
25 122
25 123
25 124
25 125
25 126
25 127
25 128
25 132
25 135
25 136
25 137
25 138
25 147
25 153
25 155
25 156
25 160
25 161
25 168
25 170
25 172
25 179
25 181
25 186
25 187
25 188
25 192
25 196
25 201
25 202
25 204
25 207
25 208
25 209
25 211
25 213
25 217
25 218
25 222
25 223
25 224
25 227
25 228
25 230
25 231
25 235
25 236
25 237
25 240
25 245
25 247
25 248
26 26
26 27
26 30
26 33
26 34
26 37
26 38
26 40
26 43
26 44
26 47
26 48
26 49
26 54
26 55
26 57
26 59
26 60
26 64
26 65
26 66
26 67
26 68
26 69
26 74
26 76
26 77
26 79
26 84
26 85
26 92
26 95
26 97
26 98
26 99
26 101
26 104
26 107
26 108
26 109
26 110
26 112
26 114
26 119
26 120
26 122
26 126
26 128
26 133
26 134
26 135
26 137
26 140
26 143
26 144
26 145
26 147
26 151
26 153
26 155
26 157
26 159
26 163
26 165
26 171
26 172
26 174
26 175
26 178
26 179
26 180
26 181
26 182
26 185
26 186
26 193
26 195
26 197
26 198
26 199
26 200
26 206
26 207
26 211
26 212
26 215
26 216
26 230
26 231
26 241
26 242
26 244
26 245
26 248
26 252
26 254
27 0
27 1
27 2
27 3
27 5
27 8
27 13
27 16
27 17
27 19
27 21
27 30
27 31
27 32
27 35
27 37
27 40
27 44
27 45
27 48
27 52
27 54
27 55
27 64
27 71
27 74
27 79
27 82
27 83
27 84
27 86
27 88
27 91
27 96
27 99
27 103
27 108
27 110
27 113
27 114
27 115
27 119
27 120
27 121
27 123
27 124
27 125
27 129
27 135
27 136
27 141
27 142
27 147
27 149
27 150
27 151
27 156
27 158
27 159
27 161
27 164
27 169
27 170
27 175
27 180
27 182
27 184
27 185
27 186
27 187
27 190
27 197
27 199
27 204
27 206
27 208
27 212
27 213
27 214
27 215
27 216
27 220
27 223
27 226
27 229
27 236
27 237
27 238
27 241
27 244
27 246
27 250
27 251
27 252
27 253
27 255
28 0
28 3
28 8
28 12
28 15
28 20
28 25
28 26
28 30
28 31
28 33
28 36
28 39
28 40
28 42
28 45
28 46
28 47
28 50
28 54
28 55
28 56
28 59
28 62
28 63
28 64
28 70
28 73
28 75
28 76
28 86
28 92
28 95
28 96
28 97
28 98
28 100
28 103
28 104
28 105
28 106
28 108
28 113
28 115
28 116
28 121
28 122
28 123
28 125
28 134
28 135
28 139
28 140
28 141
28 143
28 144
28 146
28 148
28 150
28 153
28 156
28 157
28 158
28 159
28 161
28 164
28 168
28 169
28 171
28 172
28 178
28 185
28 190
28 195
28 197
28 199
28 203
28 205
28 206
28 210
28 214
28 215
28 216
28 218
28 219
28 223
28 224
28 228
28 236
28 238
28 240
28 244
28 246
28 248
28 254
28 255
29 14
29 15
29 16
29 18
29 19
29 21
29 22
29 26
29 27
29 32
29 35
29 42
29 48
29 50
29 53
29 54
29 62
29 67
29 69
29 71
29 72
29 80
29 82
29 83
29 84
29 86
29 90
29 91
29 92
29 97
29 99
29 102
29 103
29 108
29 109
29 113
29 117
29 123
29 124
29 125
29 127
29 128
29 133
29 136
29 137
29 138
29 144
29 145
29 146
29 150
29 151
29 152
29 154
29 159
29 162
29 163
29 166
29 174
29 176
29 177
29 182
29 183
29 185
29 186
29 187
29 188
29 190
29 191
29 193
29 194
29 197
29 198
29 199
29 200
29 201
29 203
29 206
29 209
29 210
29 214
29 218
29 223
29 224
29 227
29 228
29 229
29 233
29 235
29 240
29 241
29 242
29 244
29 245
29 246
29 252
29 254
30 1
30 2
30 4
30 11
30 15
30 16
30 22
30 24
30 31
30 32
30 33
30 34
30 40
30 50
30 51
30 55
30 56
30 60
30 61
30 65
30 66
30 68
30 70
30 73
30 74
30 76
30 77
30 80
30 81
30 86
30 93
30 98
30 100
30 102
30 104
30 106
30 107
30 108
30 109
30 110
30 112
30 114
30 115
30 120
30 121
30 124
30 127
30 131
30 133
30 134
30 135
30 136
30 140
30 143
30 144
30 146
30 149
30 151
30 152
30 153
30 158
30 160
30 166
30 168
30 169
30 171
30 172
30 173
30 174
30 175
30 182
30 185
30 188
30 189
30 193
30 202
30 207
30 208
30 212
30 215
30 217
30 219
30 220
30 221
30 222
30 223
30 225
30 226
30 233
30 234
30 235
30 240
30 245
30 249
30 250
30 254
31 5
31 8
31 11
31 12
31 13
31 14
31 16
31 20
31 23
31 25
31 26
31 28
31 29
31 36
31 37
31 39
31 41
31 48
31 50
31 55
31 58
31 60
31 61
31 62
31 63
31 66
31 69
31 73
31 75
31 77
31 78
31 81
31 83
31 91
31 93
31 95
31 98
31 99
31 101
31 102
31 107
31 110
31 111
31 112
31 114
31 116
31 117
31 118
31 122
31 125
31 126
31 131
31 135
31 138
31 139
31 141
31 142
31 146
31 149
31 152
31 155
31 159
31 161
31 162
31 167
31 171
31 172
31 174
31 176
31 184
31 191
31 192
31 195
31 196
31 200
31 201
31 204
31 205
31 210
31 211
31 212
31 214
31 218
31 219
31 220
31 221
31 228
31 230
31 231
31 233
31 235
31 236
31 238
31 239
31 246
31 253
32 0
32 3
32 4
32 9
32 18
32 20
32 22
32 23
32 27
32 28
32 35
32 38
32 41
32 42
32 48
32 50
32 51
32 52
32 54
32 57
32 60
32 67
32 69
32 73
32 76
32 78
32 82
32 85
32 86
32 87
32 89
32 91
32 96
32 97
32 100
32 101
32 103
32 104
32 105
32 106
32 107
32 108
32 111
32 113
32 115
32 122
32 123
32 124
32 127
32 128
32 130
32 132
32 135
32 137
32 138
32 144
32 148
32 150
32 151
32 155
32 156
32 162
32 166
32 172
32 175
32 176
32 179
32 187
32 195
32 198
32 199
32 200
32 202
32 203
32 206
32 207
32 209
32 212
32 218
32 220
32 224
32 227
32 229
32 230
32 231
32 232
32 233
32 234
32 235
32 236
32 238
32 243
32 244
32 245
32 251
32 253
33 17
33 20
33 23
33 26
33 27
33 30
33 31
33 35
33 36
33 37
33 40
33 41
33 42
33 45
33 48
33 49
33 50
33 52
33 56
33 57
33 61
33 63
33 66
33 69
33 73
33 76
33 79
33 82
33 83
33 84
33 85
33 89
33 92
33 95
33 97
33 98
33 101
33 102
33 103
33 106
33 107
33 110
33 111
33 113
33 114
33 116
33 118
33 120
33 123
33 125
33 128
33 129
33 131
33 133
33 134
33 135
33 142
33 149
33 150
33 151
33 159
33 161
33 171
33 173
33 175
33 178
33 179
33 183
33 184
33 186
33 187
33 190
33 192
33 193
33 195
33 197
33 200
33 201
33 202
33 205
33 210
33 214
33 219
33 225
33 230
33 231
33 232
33 234
33 235
33 238
33 240
33 244
33 245
33 248
33 250
33 254
34 0
34 1
34 2
34 3
34 9
34 23
34 24
34 25
34 26
34 27
34 31
34 32
34 36
34 38
34 40
34 41
34 42
34 43
34 49
34 50
34 52
34 55
34 59
34 60
34 61
34 63
34 64
34 65
34 66
34 67
34 71
34 74
34 75
34 86
34 91
34 99
34 105
34 107
34 110
34 112
34 114
34 116
34 117
34 118
34 123
34 124
34 125
34 128
34 129
34 130
34 135
34 138
34 141
34 142
34 144
34 145
34 146
34 151
34 152
34 155
34 160
34 162
34 163
34 165
34 166
34 168
34 169
34 170
34 175
34 181
34 182
34 184
34 187
34 188
34 189
34 190
34 197
34 199
34 200
34 203
34 206
34 210
34 211
34 215
34 216
34 218
34 222
34 224
34 229
34 232
34 235
34 244
34 248
34 251
34 253
34 255
35 3
35 4
35 5
35 6
35 7
35 9
35 10
35 12
35 18
35 20
35 23
35 24
35 26
35 27
35 32
35 33
35 40
35 41
35 45
35 46
35 56
35 58
35 65
35 67
35 68
35 72
35 75
35 77
35 79
35 86
35 90
35 91
35 95
35 98
35 102
35 104
35 106
35 108
35 116
35 118
35 121
35 122
35 123
35 126
35 127
35 128
35 137
35 140
35 141
35 144
35 146
35 147
35 151
35 154
35 155
35 163
35 165
35 169
35 175
35 181
35 182
35 183
35 184
35 185
35 186
35 187
35 189
35 191
35 192
35 197
35 198
35 200
35 204
35 205
35 208
35 209
35 215
35 218
35 219
35 220
35 221
35 222
35 223
35 224
35 228
35 229
35 230
35 231
35 234
35 237
35 242
35 246
35 248
35 250
35 251
35 253
36 15
36 18
36 21
36 26
36 27
36 29
36 31
36 32
36 36
36 37
36 39
36 42
36 43
36 46
36 47
36 50
36 51
36 57
36 61
36 63
36 65
36 67
36 71
36 72
36 73
36 75
36 80
36 81
36 86
36 88
36 93
36 95
36 96
36 98
36 100
36 103
36 108
36 110
36 112
36 117
36 118
36 119
36 123
36 124
36 128
36 134
36 140
36 141
36 145
36 146
36 148
36 149
36 150
36 151
36 153
36 154
36 155
36 160
36 163
36 164
36 169
36 170
36 173
36 177
36 178
36 179
36 181
36 182
36 183
36 184
36 185
36 186
36 189
36 190
36 192
36 193
36 196
36 201
36 205
36 210
36 214
36 215
36 216
36 217
36 219
36 221
36 225
36 227
36 234
36 235
36 242
36 246
36 251
36 252
36 253
36 255
37 0
37 4
37 5
37 7
37 8
37 9
37 18
37 19
37 21
37 23
37 25
37 31
37 34
37 35
37 36
37 37
37 41
37 42
37 43
37 46
37 48
37 50
37 52
37 54
37 58
37 59
37 64
37 68
37 75
37 79
37 80
37 84
37 86
37 87
37 95
37 96
37 98
37 99
37 103
37 104
37 105
37 112
37 113
37 115
37 116
37 117
37 120
37 124
37 127
37 129
37 130
37 134
37 135
37 140
37 141
37 143
37 145
37 146
37 150
37 154
37 155
37 162
37 163
37 165
37 166
37 167
37 168
37 172
37 177
37 179
37 180
37 182
37 185
37 190
37 193
37 198
37 200
37 202
37 204
37 206
37 218
37 219
37 220
37 223
37 224
37 228
37 229
37 234
37 235
37 236
37 238
37 240
37 247
37 248
37 252
37 255
38 21
38 24
38 25
38 26
38 33
38 37
38 38
38 41
38 44
38 49
38 52
38 53
38 56
38 61
38 64
38 66
38 68
38 69
38 72
38 77
38 79
38 81
38 84
38 85
38 87
38 89
38 92
38 93
38 97
38 99
38 100
38 101
38 102
38 103
38 107
38 108
38 109
38 111
38 113
38 114
38 116
38 118
38 119
38 122
38 123
38 124
38 125
38 126
38 132
38 134
38 135
38 137
38 139
38 140
38 146
38 148
38 157
38 158
38 160
38 162
38 163
38 166
38 177
38 180
38 181
38 183
38 184
38 189
38 192
38 193
38 198
38 200
38 201
38 202
38 206
38 211
38 214
38 215
38 221
38 222
38 223
38 224
38 225
38 226
38 227
38 228
38 229
38 237
38 239
38 241
38 242
38 243
38 246
38 247
38 250
38 254
39 47
39 48
39 50
39 51
39 53
39 56
39 60
39 67
39 68
39 69
39 71
39 72
39 73
39 78
39 80
39 81
39 82
39 83
39 86
39 88
39 90
39 92
39 94
39 96
39 97
39 102
39 103
39 104
39 105
39 107
39 108
39 110
39 115
39 118
39 119
39 120
39 122
39 124
39 125
39 126
39 127
39 128
39 129
39 130
39 133
39 136
39 140
39 141
39 142
39 143
39 144
39 145
39 146
39 151
39 152
39 155
39 160
39 163
39 164
39 167
39 169
39 172
39 173
39 174
39 180
39 181
39 187
39 188
39 189
39 191
39 195
39 197
39 199
39 204
39 205
39 212
39 213
39 214
39 215
39 218
39 222
39 225
39 231
39 236
39 237
39 239
39 241
39 244
39 245
39 246
39 247
39 250
39 251
39 253
39 254
39 255
40 64
40 65
40 66
40 67
40 68
40 77
40 79
40 80
40 83
40 88
40 89
40 91
40 93
40 94
40 95
40 100
40 103
40 105
40 109
40 112
40 113
40 115
40 116
40 118
40 119
40 120
40 121
40 122
40 123
40 127
40 128
40 129
40 131
40 132
40 136
40 137
40 138
40 139
40 147
40 148
40 149
40 152
40 153
40 154
40 160
40 161
40 162
40 164
40 165
40 167
40 169
40 170
40 171
40 173
40 174
40 177
40 182
40 184
40 186
40 191
40 194
40 195
40 196
40 197
40 199
40 200
40 202
40 203
40 204
40 207
40 208
40 211
40 212
40 213
40 214
40 216
40 217
40 219
40 220
40 222
40 223
40 225
40 226
40 228
40 233
40 234
40 236
40 239
40 241
40 242
40 244
40 248
40 249
40 251
40 253
40 254
41 19
41 22
41 28
41 30
41 31
41 33
41 34
41 35
41 38
41 41
41 44
41 45
41 46
41 48
41 49
41 53
41 55
41 58
41 61
41 62
41 67
41 71
41 72
41 74
41 76
41 82
41 84
41 86
41 87
41 88
41 90
41 91
41 94
41 95
41 97
41 100
41 103
41 107
41 108
41 109
41 111
41 114
41 115
41 118
41 119
41 121
41 122
41 126
41 127
41 128
41 130
41 131
41 132
41 134
41 136
41 139
41 145
41 146
41 147
41 149
41 150
41 158
41 162
41 166
41 171
41 172
41 173
41 174
41 179
41 181
41 184
41 186
41 187
41 188
41 193
41 194
41 196
41 200
41 201
41 210
41 212
41 220
41 229
41 230
41 231
41 238
41 240
41 241
41 242
41 246
41 247
41 249
41 251
41 252
41 254
41 255
42 36
42 37
42 41
42 42
42 43
42 45
42 48
42 49
42 53
42 56
42 57
42 58
42 61
42 63
42 65
42 69
42 75
42 76
42 78
42 79
42 82
42 84
42 85
42 88
42 89
42 93
42 98
42 99
42 101
42 102
42 103
42 108
42 109
42 110
42 111
42 114
42 115
42 116
42 117
42 119
42 121
42 122
42 125
42 128
42 129
42 131
42 134
42 136
42 138
42 139
42 141
42 146
42 147
42 148
42 149
42 151
42 153
42 157
42 159
42 161
42 163
42 164
42 166
42 167
42 169
42 170
42 171
42 172
42 173
42 177
42 182
42 187
42 188
42 189
42 190
42 191
42 193
42 197
42 200
42 201
42 202
42 208
42 215
42 226
42 229
42 230
42 232
42 233
42 235
42 239
42 241
42 243
42 245
42 250
42 253
42 255
